ubuntu@client-measure-pmp6:~/memcache-perf-dynamic$ ./mcperf -s 10.156.15.226 -a 10.156.15.225 --noload -T 16 -C 4 -D 4 -Q 1000 -c 4 -t 1500 --qps_interval 5 --qps_min 5000 --qps_max 100000 --qps_seed 42
Random waveform, supplied seed
Total number of intervals = 300 (5031, 54838, 74868, 30015, 40743, 23648, 97712, 53672, 55395, 29425, 15173, 82475, 90555, 47944, 28313, 28504, 22886, 35717, 14828, 81704, 55771, 85226, 75020, 12441, 56208, 17446, 86943, 49138, 49839, 47752, 27181, 6170, 7187, 99387, 91970, 79658, 59230, 78081, 64242, 37702, 40686, 30376, 38416, 65892, 39560, 10016, 55224, 19982, 48114, 36283, 23315, 11150, 98724, 56880, 13467, 99368, 46206, 71651, 22741, 56654, 99570, 23047, 70008, 42943, 46704, 75970, 21917, 82027, 81583, 14259, 7821, 17727, 65559, 41133, 28693, 53141, 54512, 14835, 98446, 38117, 77994, 30209, 68315, 91940, 49308, 46880, 92540, 49396, 97841, 35404, 80451, 87228, 75554, 57964, 83546, 55468, 34203, 37629, 34577, 47426, 58845, 66993, 10977, 51529, 48344, 5902, 71602, 41886, 47456, 93939, 16890, 45689, 32790, 44044, 28149, 39739, 72475, 93882, 6692, 50406, 83055, 55609, 16968, 43031, 17236, 82183, 42212, 12244, 61777, 36984, 29093, 41715, 34838, 63574, 24401, 32025, 98971, 23657, 67877, 53849, 79536, 17081, 39024, 26125, 33388, 20979, 95865, 73949, 60987, 54175, 51484, 39771, 32864, 42033, 43808, 45785, 35582, 38504, 15320, 74264, 43890, 5962, 38365, 55971, 23217, 87681, 91728, 96668, 80475, 27150, 53444, 23737, 87776, 82175, 98548, 37704, 64701, 69089, 89785, 16676, 69604, 99682, 97693, 17381, 40069, 8841, 56576, 21599, 53003, 19831, 80340, 28765, 25572, 37071, 75819, 44359, 95960, 59630, 47930, 65545, 94038, 51806, 48712, 13115, 76569, 19372, 59331, 62597, 37702, 41975, 26100, 82500, 50756, 66696, 53364, 10413, 64876, 69079, 19447, 81182, 25265, 9699, 48659, 75126, 96559, 55885, 9039, 66378, 41225, 52371, 39873, 41176, 85357, 85391, 91890, 57558, 9972, 74636, 29773, 63494, 7201, 49507, 65454, 88537, 36982, 88964, 96479, 47883, 50650, 89242, 7374, 8507, 50676, 57069, 43520, 56720, 68155, 60444, 63997, 17315, 78596, 81548, 97254, 46135, 13379, 46993, 98274, 97056, 43434, 36406, 99121, 80708, 40517, 34168, 11754, 93304, 64697, 92626, 75618, 85805, 18930, 50153, 10377, 33112, 28777, 45709, 74458, 73596, 28031, 45754, 80138, 64350, 51870, 81106, 82064, 30534, 25449, 67525, 27070, 41133)
Average QPS expected = 51692
Timestamp start: 1621812983700
Timestamp end: 1621814484179

#type       avg     std     min      p5     p10     p50     p67     p75     p80     p85     p90     p95     p99    p999   p9999      QPS   target
read      430.1  1653.7    80.4   136.6   164.8   267.7   315.9   344.2   367.0   395.6   436.5   538.6  3695.4 31665.3 37557.3   4966.8     5031
read      476.1   588.0    68.9   109.3   128.5   297.0   389.2   457.1   530.0   704.6  1315.1  1727.3  2242.4  4104.2 15290.9  54500.4    54838
read      483.6   725.8    68.9   116.0   142.9   353.8   427.0   483.4   538.2   620.7   758.4  1567.4  2634.2  8938.7 30609.6  74807.4    74868
read      511.2   951.3    68.9   107.8   127.5   318.9   433.7   555.2   766.5   958.8  1104.0  1272.3  2212.3 10698.3 34051.2  30131.4    30015
read      506.8   746.0    68.9   108.6   127.9   313.2   413.8   512.9   687.3  1043.7  1262.1  1475.6  2021.9  7097.6 31327.9  40801.2    40743
read      536.9  1182.1    68.9   107.7   128.0   313.6   458.4   652.7   791.7   890.7   988.2  1132.4  3891.7 15385.1 36300.3  23643.8    23648
read      477.1   670.6    68.9   132.5   172.3   388.6   451.9   494.3   537.8   618.1   750.7   959.6  2180.3  9356.9 30121.0  97792.4    97712
read      432.7   633.3    68.9   109.8   130.6   320.1   406.5   458.5   503.3   568.6   675.7  1286.3  2247.4  7207.6 29829.2  53537.6    53672
read      514.9   786.2    63.8   108.7   128.6   302.8   395.3   466.7   548.5   796.0  1430.0  1831.6  2500.9  7646.9 31236.9  55540.0    55395
read      502.4   873.4    63.8   107.3   125.9   310.0   432.4   581.8   810.1   954.3  1087.1  1253.2  2095.8  9652.7 35175.1  29477.6    29425
read      430.6   752.2    68.9   112.0   133.9   318.4   466.1   575.1   636.8   694.2   756.4   841.4  1138.3 10436.4 31318.1  15013.8    15173
read      463.9   697.2    68.9   117.6   146.1   352.2   421.9   468.9   516.0   595.5   719.6  1399.4  2704.0  7541.4 29726.1  82367.8    82475
read      404.1   575.2    68.9   118.2   145.4   336.5   406.6   450.1   486.6   539.5   623.7   754.8  2297.3  6935.0 30355.5  90613.0    90555
read      474.3   545.6    68.9   108.6   127.7   304.1   397.6   471.3   550.4   801.2  1309.1  1605.7  2026.9  4209.8 12673.7  48024.6    47944
read      514.6   917.4    68.9   107.2   127.3   314.5   450.0   640.7   828.1   952.3  1070.0  1225.7  2370.4 10079.1 31670.8  28294.2    28313
read      529.5  1137.1    68.9   104.5   123.7   310.4   444.2   635.0   815.1   932.1  1045.9  1193.3  3101.2 16028.5 36930.2  28444.4    28504
read      540.9  1117.7    68.9   106.1   127.9   314.6   473.3   669.8   780.7   872.7   975.8  1162.3  3824.2 14195.6 32196.4  22967.8    22886
read      528.4   945.2    68.9   106.0   125.8   310.6   420.2   539.0   796.7  1035.5  1202.1  1406.7  2731.2 12343.4 32414.3  35649.0    35717
read      573.0  1785.4    68.9   106.6   129.6   311.9   459.0   560.1   618.0   677.3   747.4   873.8  7001.3 31538.4 40524.4  14883.2    14828
read      497.7   778.1    68.9   118.7   149.4   355.4   423.0   478.2   540.0   640.5   793.6  1571.8  2735.3  9809.0 30907.0  81646.2    81704
read      461.5   635.7    68.9   106.6   126.2   301.3   390.8   454.9   519.1   638.4  1132.2  1589.8  2171.3  6254.4 25463.8  55856.2    55771
read      469.3   726.3    68.9   118.5   147.8   351.4   419.9   469.0   519.3   605.3   729.5  1470.1  2567.8  9085.2 30825.0  85244.6    85226
read      401.0   584.8    68.9   111.8   133.8   320.1   397.8   445.2   483.8   536.0   613.3   753.7  2413.0  6372.6 29909.5  74921.4    75020
read      638.5  2244.8    68.9   109.1   133.2   312.4   439.7   520.0   569.9   624.5   691.6   850.0  8607.5 31947.6 37708.6  12536.2    12441
read      472.6   646.9    68.9   106.5   126.6   302.2   390.5   454.7   520.2   640.6  1204.3  1713.9  2276.0  7052.6 15739.0  56170.8    56208
read      563.5  1574.6    68.9   106.6   128.4   309.6   448.7   580.9   660.6   732.8   809.4   936.7  6753.5 29290.9 37055.4  17403.8    17446
read      442.8   659.2    68.9   117.5   146.5   346.1   415.0   461.9   505.7   576.6   681.8   917.9  2496.6  8339.7 30635.5  86988.2    86943
read      484.2   679.3    68.9   105.7   125.1   302.4   395.2   474.9   572.4   907.1  1291.0  1564.3  2017.3  5927.5 29970.2  49168.4    49138
read      493.5   699.4    68.9   105.8   125.6   301.9   396.5   478.2   579.1   924.5  1319.2  1609.2  2093.1  8796.6 25362.5  49908.8    49839
read      501.9   779.8    63.8   104.0   123.3   303.7   395.4   472.7   567.5   962.3  1337.6  1613.6  2131.3  8017.1 30904.4  47548.6    47752
read      504.2   907.8    68.9   104.2   124.2   307.6   441.4   639.6   809.5   920.8  1034.5  1176.3  2718.4  9438.9 32200.1  27148.0    27181
read      661.2  2599.8    74.4   120.5   152.9   264.0   326.6   363.7   390.1   422.1   469.3   782.7 11490.3 34109.9 40074.3   6137.4     6170
read      628.4  2474.6    74.4   114.5   144.3   273.0   348.5   391.9   421.4   456.0   503.8   682.1  9414.8 35095.8 38234.4   7214.0     7187
read      517.1   806.1    68.9   144.0   194.1   402.2   456.8   500.3   563.3   686.3   818.7  1191.3  2435.3 11067.3 31863.0  99328.0    99387
read      391.2   553.0    68.9   115.9   142.1   328.5   399.4   441.9   477.2   528.9   606.9   730.5  1946.3  6891.6 27897.2  91884.2    91970
read      404.0   734.0    68.9   111.3   133.9   323.1   397.4   442.1   478.4   530.1   607.6   738.9  2392.9  9550.4 31883.2  79541.2    79658
read      442.2   640.4    68.9   108.6   129.4   310.1   394.8   450.1   499.9   576.8   738.0  1534.4  2253.2  6011.4 28764.1  59267.2    59230
read      479.6   756.2    68.9   115.6   143.5   346.4   415.8   471.2   528.2   611.7   729.4  1503.5  2758.0  8445.0 31270.8  78106.2    78081
read      405.8   624.1    68.9   109.0   130.6   317.4   397.4   444.6   482.5   537.0   614.9   789.4  2290.0  6662.9 30914.2  64136.0    64242
read      460.1   550.3    68.9   107.2   126.0   300.0   393.6   491.3   649.4   963.8  1142.1  1320.9  1619.6  7070.8 14156.4  37771.0    37702
read      482.2   511.9    68.9   108.9   128.0   312.1   411.1   513.2   684.6  1040.9  1244.5  1443.9  1833.8  4051.8  9029.2  40640.8    40686
read      563.7  1033.0    68.9   110.6   132.1   329.3   467.3   675.7   882.7  1034.3  1167.5  1368.9  3504.9 12861.3 32419.7  30250.8    30376
read      552.4   891.1    74.4   113.8   135.0   334.8   446.3   565.6   793.6  1120.5  1330.8  1564.2  2205.7 10924.2 32024.9  38435.8    38416
read      470.1   897.9    68.9   116.7   141.3   343.8   424.8   475.0   520.5   584.7   686.7  1120.3  2719.3 10154.1 32485.6  65925.8    65892
read      526.4   814.2    68.9   113.8   135.1   335.4   439.1   534.0   654.8  1008.2  1288.5  1546.8  2107.7  8426.0 31689.1  39651.8    39560
read      555.8  1903.4    74.4   110.4   135.4   302.7   415.1   480.2   522.5   568.6   629.2   752.5  6014.1 31630.9 48377.2  10153.0    10016
read      484.9   642.7    68.9   108.5   128.1   298.7   391.2   469.1   560.8   847.8  1320.1  1660.5  2174.7  5185.8 25117.3  55135.2    55224
read      541.9  1366.6    68.9   107.4   129.4   316.3   478.1   646.9   736.9   815.6   900.0  1033.2  4262.3 17392.0 41576.7  20152.6    19982
read      506.1   737.1    68.9   107.8   127.9   309.1   406.5   494.4   597.1   967.2  1338.2  1617.1  2136.8  8285.9 30617.8  47983.2    48114
read      525.0   930.0    68.9   107.2   127.7   314.8   423.4   544.8   788.9  1040.5  1215.2  1417.1  2241.9 10679.2 32127.8  36429.6    36283
read      530.1  1143.2    68.9   105.7   125.5   308.6   464.0   665.3   776.7   868.2   969.6  1112.4  3944.3 11724.3 36393.8  23173.2    23315
read      590.7  1689.2    68.9   125.4   151.9   346.0   490.1   575.5   628.7   685.9   753.5   905.7  6194.1 30428.2 36931.3  11152.2    11150
read      498.7   640.7    74.4   151.1   200.4   425.8   486.5   524.4   562.4   639.1   788.6   959.6  2046.6  8835.0 29065.1  98706.4    98724
read      489.8   743.2    68.9   108.9   129.1   299.7   391.1   464.3   546.1   777.9  1316.3  1702.3  2226.9  8093.2 31686.2  56870.4    56880
read      492.3  1272.9    68.9   109.5   133.7   312.6   454.2   551.0   602.5   654.3   717.2   827.0  3855.9 24853.0 36765.2  13501.0    13467
read      466.1   658.0    68.9   134.2   173.9   378.8   442.3   486.3   530.1   611.3   733.4   921.0  2097.6  7397.4 30488.8  99278.8    99368
read      504.0   807.9    68.9   106.8   125.8   307.3   400.9   490.0   599.0   975.9  1284.8  1551.2  2086.1 10032.3 31104.7  46066.6    46206
read      501.9   850.4    68.9   115.5   143.3   343.3   416.6   476.0   539.9   630.4   802.6  1614.4  2705.6  9484.0 31943.8  71463.2    71651
read      565.5  1451.5    68.9   106.5   127.2   311.7   447.6   598.5   736.3   839.0   945.8  1096.4  5879.3 30191.3 36112.6  22766.8    22741
read      490.9   663.0    68.9   110.0   129.9   299.7   394.4   475.3   569.5   863.6  1348.1  1692.9  2178.8  4953.0 30457.0  56619.8    56654
read      493.4   759.5    68.9   150.1   196.1   418.0   480.6   516.6   550.6   623.9   761.7   938.7  1986.8 11165.8 31531.1  99501.4    99570
read      592.1  1284.1    68.9   115.2   138.2   335.7   510.2   721.6   841.4   951.2  1062.1  1260.8  4144.8 17167.5 32341.4  23077.4    23047
read      392.1   461.7    68.9   110.9   131.7   307.5   387.3   435.3   473.9   525.3   602.5   787.7  2318.3  4266.8 11075.0  69964.0    70008
read      486.2   673.6    68.9   107.2   126.0   306.4   402.8   497.3   626.0   984.2  1242.0  1472.4  1929.4  6034.2 30224.4  43001.2    42943
read      479.6   582.6    68.9   107.5   126.1   303.1   397.7   485.2   589.5   971.2  1284.4  1535.7  1941.1  5366.6 13898.6  46683.4    46704
read      436.7   706.3    68.9   113.2   137.7   330.7   401.4   451.0   496.0   563.0   658.5  1104.0  2473.6  8741.4 30907.4  75715.6    75970
read      481.8   837.4    68.9   106.7   126.8   311.4   462.1   636.8   742.8   828.0   921.6  1040.7  2461.9  8773.0 32101.4  21828.2    21917
read      438.5   590.9    68.9   116.2   141.7   337.2   407.1   460.5   506.3   576.4   681.2  1338.8  2387.5  5731.1 28870.1  81813.0    82027
read      384.9   489.2    68.9   113.4   135.8   318.4   390.8   434.7   471.4   523.0   598.5   723.1  2336.1  5417.2 14190.0  81568.2    81583
read      476.5  1187.8    68.9   109.7   131.7   305.9   431.9   528.2   589.3   649.1   718.1   828.9  3721.6 16875.9 32510.8  14311.0    14259
read      456.9  1469.4    74.4   116.3   146.5   288.7   366.1   413.1   444.2   479.5   525.1   611.0  5223.3 30517.3 37025.9   7831.2     7821
read      535.6  1418.6    68.9   108.2   129.8   311.4   466.1   607.8   677.6   744.2   820.1   956.0  5434.1 29181.7 40175.7  17669.4    17727
read      395.8   543.9    68.9   110.0   130.7   312.6   392.6   439.0   476.7   530.5   607.0   790.3  2184.7  5928.0 28349.7  65409.8    65559
read      490.2   680.6    68.9   107.0   126.2   310.4   409.0   504.9   638.6   981.8  1217.0  1440.9  1932.8  7764.6 30179.1  41149.0    41133
read      482.2   808.2    68.9   106.2   125.2   307.3   434.1   592.8   803.0   938.3  1046.8  1185.6  1594.5  8017.9 32163.5  28576.8    28693
read      486.0   642.2    68.9   108.9   128.5   301.5   395.8   475.9   569.6   889.6  1312.1  1635.9  2069.2  7116.4 19438.8  52962.2    53141
read      472.1   573.9    68.9   108.6   127.4   295.2   389.3   466.9   559.7   866.9  1286.1  1605.2  2034.5  3378.4 13728.8  54527.2    54512
read      511.5  1340.3    68.9   109.9   132.0   312.5   451.8   557.2   616.5   672.3   736.6   848.2  5321.1 29804.3 32372.9  14795.0    14835
read      402.2   546.9    68.9   122.5   151.3   339.5   408.3   451.3   487.0   539.3   623.3   756.5  1915.1  6396.1 27435.2  98174.4    98446
read      491.6   762.4    68.9   107.7   127.2   310.1   406.4   505.3   646.6   975.0  1182.4  1384.7  1866.0  8246.7 31387.7  38152.8    38117
read      426.7   653.8    68.9   113.0   137.4   328.4   402.1   450.3   491.3   551.6   642.3   895.8  2521.1  7457.6 30699.8  77981.2    77994
read      482.2   785.4    68.9   106.4   125.8   311.1   425.3   542.6   734.0   916.6  1053.6  1212.6  1840.9  7998.9 32030.4  30248.0    30209
read      423.2   658.1    68.9   110.9   133.0   320.7   397.7   446.5   487.0   545.4   631.3  1009.6  2364.9  7564.8 30692.9  68088.4    68315
read      380.3   466.7    68.9   116.2   141.6   322.1   391.9   433.9   469.6   520.4   596.7   717.0  1954.9  5244.7 14127.5  92162.0    91940
read      469.0   600.8    68.9   108.0   126.3   299.1   390.7   465.1   548.7   851.0  1262.7  1563.3  1964.1  5225.8 19112.1  49291.0    49308
read      500.1   749.8    68.9   107.4   126.6   307.4   401.2   490.6   613.8  1005.2  1307.6  1556.7  2018.5  7201.1 31235.5  46885.4    46880
read      430.0   579.7    68.9   121.1   151.2   349.0   417.7   460.4   497.7   559.6   664.0   857.8  2296.6  6143.7 26575.6  92336.0    92540
read      480.7   571.7    68.9   108.0   126.8   302.5   396.6   479.7   581.7   941.8  1294.1  1573.2  2035.0  4381.3 13750.1  49540.6    49396
read      453.3   552.6    68.9   130.5   165.7   373.6   440.0   480.1   518.8   589.9   709.4   907.6  2279.8  6183.5 16598.9  97980.0    97841
read      488.8   716.1    68.9   107.3   126.5   311.2   411.9   521.9   727.0   990.6  1161.6  1353.2  1884.7  7045.4 30577.8  35469.0    35404
read      448.9   596.7    68.9   115.3   141.0   343.4   414.0   462.5   508.2   583.0   701.7  1445.3  2450.1  5092.0 22018.2  80429.0    80451
read      385.8   498.4    68.9   115.3   139.5   323.1   395.3   439.1   476.0   528.3   605.2   726.5  2208.8  4991.6 13695.6  87472.0    87228
read      388.6   487.2    68.9   112.1   133.7   318.4   395.8   442.6   480.1   532.5   604.4   734.8  2280.9  4666.3 12642.9  75423.4    75554
read      441.2   551.3    68.9   109.7   129.7   305.0   391.8   448.9   501.1   583.1   830.5  1563.7  2217.6  5204.2 11958.7  58019.6    57964
read      393.1   499.0    68.9   114.0   137.3   323.3   395.2   440.5   479.0   533.2   616.4   754.8  2210.4  4962.7 13602.0  83406.8    83546
read      456.9   551.9    68.9   108.6   128.2   299.1   388.8   453.7   518.5   641.6  1137.3  1610.2  2142.1  4719.9 14036.3  55531.2    55468
read      495.9   760.2    68.9   107.2   126.5   311.8   419.4   539.1   784.3  1000.4  1151.1  1323.2  1826.8  8188.9 32498.5  34298.6    34203
read      495.2   712.4    68.9   107.7   126.5   310.2   410.2   520.3   744.0  1022.0  1189.1  1372.7  1842.4  7842.1 30337.0  37789.0    37629
read      464.2   596.3    63.8   107.5   126.2   299.9   399.5   507.9   736.0   959.5  1109.5  1267.2  1589.0  8135.8 20870.8  34627.6    34577
read      434.0   469.8    68.9   103.1   119.3   279.5   358.9   422.1   485.2   670.8  1264.2  1519.1  1852.1  2466.5  9281.5  47485.0    47426
read      546.4   958.4    63.8   113.1   138.0   352.5   476.4   561.1   637.4   764.9  1101.0  1754.7  2889.4  9751.9 32511.3  58802.2    58845
read      801.4  1038.7    68.9   147.2   208.7   520.9   856.1   960.6  1101.5  1447.9  1758.8  2097.5  2967.5 11248.2 32266.1  66859.2    66993
read      400.1   882.2    68.9   112.4   136.2   293.3   383.5   450.3   496.9   544.9   601.5   688.6  2626.2  7865.7 32445.1  10919.8    10977
read      503.8   809.4    68.9   105.8   125.0   302.7   392.4   462.8   542.3   793.6  1387.9  1723.6  2259.8  9463.6 30944.4  51344.2    51529
read      492.5   716.9    68.9   107.1   125.7   301.5   394.9   477.5   580.2   966.7  1309.8  1583.0  2054.8  7806.1 31253.3  48486.4    48344
read      497.1  2038.9    74.4   125.0   155.0   255.5   312.5   347.8   373.2   404.1   446.7   550.7  5521.8 31770.0 37486.6   5920.0     5902
read      419.0   606.9    68.9   111.8   134.0   320.0   397.3   447.5   491.4   551.1   635.8   941.5  2440.9  6795.6 30313.4  71552.8    71602
read      486.7   741.9    68.9   106.8   126.1   309.5   406.0   498.0   609.4   946.1  1203.5  1434.0  1910.5  7745.1 31589.7  41927.4    41886
read      482.9   634.1    68.9   106.8   125.8   303.1   395.7   473.0   562.1   891.7  1309.3  1583.3  2001.6  7050.8 18606.7  47582.8    47456
read      500.9   776.2    68.9   131.7   171.3   379.8   450.2   500.1   552.8   649.0   788.6  1437.2  2556.1 11198.3 31445.1  93934.6    93939
read      466.7  1064.2    68.9   107.9   129.3   302.5   438.2   565.1   635.5   700.8   772.3   883.5  3360.3 11460.9 35832.2  16974.8    16890
read      502.3   740.7    68.9   107.7   126.8   308.3   409.7   507.6   646.8  1013.4  1287.5  1541.0  2035.2  6935.7 31765.8  45741.2    45689
read      497.3   819.8    68.9   107.6   127.6   310.9   424.9   553.8   802.3   984.3  1118.6  1275.8  1736.4  8586.1 32134.5  32617.4    32790
read      506.2   837.7    68.9   107.5   127.1   309.1   404.4   499.5   626.4  1009.3  1273.7  1505.2  1979.6  8977.2 31815.1  43901.0    44044
read      492.3   791.3    68.9   107.3   127.1   311.9   446.4   617.0   807.3   929.2  1039.2  1175.7  1728.9  8002.2 31995.4  28097.0    28149
read      508.0   764.8    68.9   108.2   127.9   314.3   423.2   540.3   743.3  1027.9  1220.4  1433.0  1950.2  8784.5 30965.0  39653.2    39739
read      433.2   568.4    68.9   113.9   137.0   329.4   407.2   460.1   506.2   572.5   665.5  1215.1  2582.3  5628.5 23530.3  72424.6    72475
read      394.6   577.1    68.9   119.4   146.4   329.5   399.9   444.3   481.2   534.7   611.2   732.4  2118.5  6020.3 30546.1  94043.2    93882
read      459.4  1689.7    74.4   120.4   150.5   265.1   331.4   373.6   402.8   437.8   486.2   586.9  5485.5 31783.1 52271.0   6722.8     6692
read      503.5   709.1    68.9   109.0   128.7   307.0   405.8   498.0   611.8   970.7  1338.9  1623.5  2117.5  7010.0 30500.6  50238.0    50406
read      438.6   559.8    68.9   116.4   142.6   340.8   411.9   461.4   504.9   573.5   680.6  1168.6  2541.2  5042.2 14221.7  83022.8    83055
read      467.0   677.2    68.9   109.3   129.2   305.7   398.1   466.1   537.2   672.9  1135.4  1565.4  2122.7  7277.8 30751.3  55737.4    55609
read      493.6  1171.8    68.9   108.1   131.3   316.2   474.3   605.7   672.4   736.0   814.1   926.8  3682.0 11256.2 38637.4  16917.4    16968
read      500.8   706.4    68.9   106.5   125.6   309.6   410.8   508.9   652.8  1026.8  1281.2  1510.4  1979.0  8179.6 29195.0  43197.2    43031
read      491.6  1052.0    68.9   107.9   130.3   314.4   477.5   606.5   673.1   737.1   818.6   933.9  3982.8 10003.0 33120.8  17248.6    17236
read      507.0   815.0    68.9   120.4   151.6   359.2   430.1   489.3   551.1   647.6   813.5  1606.4  2795.3  9474.0 31458.3  82205.8    82183
read      485.5   746.8    63.8   107.1   126.3   312.1   407.1   494.7   591.5   903.1  1202.6  1448.6  1869.2  9279.7 30760.8  42206.6    42212
read      555.0  1784.7    68.9   111.3   133.9   309.2   439.8   519.5   566.0   613.6   673.1   794.9  6224.8 31463.4 37830.6  12331.4    12244
read      413.5   523.3    68.9   110.0   130.5   308.9   393.6   445.3   488.7   548.0   641.1  1219.0  2232.0  5662.9 14179.7  61799.4    61777
read      507.5   803.3    68.9   107.8   127.5   313.1   422.2   535.1   731.8  1000.6  1182.9  1383.1  2269.3  8065.4 31694.2  37091.2    36984
read      504.2   827.3    68.9   107.6   127.9   314.3   444.5   612.6   820.9   953.7  1070.5  1221.8  2161.0  8092.3 32289.0  29077.0    29093
read      492.0   689.4    68.9   107.1   125.7   307.1   406.8   512.3   687.4  1019.8  1232.5  1444.0  1839.7  7931.8 25902.4  41676.0    41715
read      496.9   746.7    68.9   107.2   127.1   311.4   421.6   547.8   781.3   994.0  1145.6  1322.4  1735.1  8696.2 30716.5  35015.4    34838
read      437.7   608.9    68.9   111.3   133.3   311.7   397.3   452.4   499.6   566.9   684.2  1447.4  2420.2  6876.1 23241.6  63501.4    63574
read      471.2   684.6    68.9   106.4   126.3   308.0   454.9   640.2   776.5   872.1   965.1  1088.3  1582.8  7664.0 31077.4  24413.0    24401
read      492.4   738.8    68.9   107.3   127.2   311.4   429.0   565.7   812.9   980.0  1114.5  1270.5  1857.0  7797.5 31252.4  32059.8    32025
read      493.6   743.7    68.9   137.5   179.6   384.6   447.8   495.6   547.4   647.7   777.1  1308.6  2122.0  9434.5 31293.5  98758.4    98971
read      493.9  1015.1    68.9   105.9   125.5   305.1   442.2   597.8   738.4   844.7   944.7  1082.6  2649.9 14368.9 36589.2  23669.6    23657
read      419.1   543.0    68.9   110.8   132.9   320.8   399.0   449.5   493.3   553.6   638.0  1107.4  2337.3  5787.5 12556.1  67776.4    67877
read      483.1   643.1    68.9   109.3   129.3   304.4   399.1   475.0   557.9   793.4  1273.1  1614.6  2116.6  6516.3 18171.6  53733.2    53849
read      451.7   622.0    68.9   116.4   142.7   341.1   412.2   463.8   512.0   587.0   699.7  1451.7  2550.9  6332.2 27462.9  79632.2    79536
read      499.4  1020.9    68.9   108.9   131.6   315.9   470.2   603.0   674.7   742.4   826.8   945.6  3914.4 12149.8 31959.7  17122.2    17081
read      501.4   742.6    68.9   108.3   127.3   312.1   421.0   536.1   746.6  1030.5  1212.1  1412.0  1877.6  7662.4 31122.0  38921.0    39024
read      514.2   959.1    68.9   108.0   128.0   315.4   458.9   649.1   804.0   908.6  1014.7  1156.2  2772.0  9954.1 35117.5  26033.4    26125
read      510.8   847.8    68.9   107.1   126.6   315.4   432.4   572.9   821.5   997.8  1139.4  1312.2  1884.9  9625.9 31654.2  33389.2    33388
read      530.3  1170.3    68.9   108.3   129.5   319.5   486.6   655.0   745.9   832.4   919.3  1063.9  3905.9 13701.6 34462.3  21020.6    20979
read      447.7   584.9    68.9   125.1   157.5   360.2   429.1   475.5   520.7   589.7   697.2   933.8  2408.8  6291.5 20355.8  96028.6    95865
read      411.8   657.5    68.9   112.1   133.8   318.6   397.0   444.5   483.2   537.0   616.2   789.3  2578.9  7496.0 27919.5  73905.2    73949
read      395.5   548.2    68.9   109.6   129.1   312.9   394.9   442.4   480.3   533.3   606.7   781.0  2136.8  6298.5 18909.5  60968.0    60987
read      459.1   595.7    68.9   108.8   128.9   309.3   400.2   466.7   535.2   652.1  1090.2  1549.9  2043.1  6387.2 18979.9  53994.0    54175
read      480.3   667.6    68.9   107.3   126.5   298.7   390.4   464.6   544.1   821.5  1308.4  1636.7  2042.9  7255.1 30140.8  51444.2    51484
read      523.7   933.4    68.9   107.3   126.7   313.0   419.6   530.6   732.7  1030.5  1233.6  1455.2  2187.1  8734.6 36147.0  39828.4    39771
read      496.0   703.2    68.9   107.6   127.2   314.1   436.0   593.8   828.1   979.8  1110.1  1269.2  1752.7  7568.0 31151.0  32800.4    32864
read      515.4   794.3    68.9   107.4   126.7   311.3   414.7   524.7   709.3  1039.7  1266.5  1489.1  2110.0 10337.4 30638.8  42173.2    42033
read      486.9   706.6    68.9   106.7   125.2   303.1   395.4   479.3   571.7   969.6  1287.3  1532.4  1948.8  7250.5 30785.0  43871.4    43808
read      482.5   624.3    68.9   106.6   125.3   305.2   399.5   487.9   595.2   968.0  1268.9  1519.0  1946.7  6036.1 25924.8  45794.6    45785
read      523.7   900.3    68.9   107.4   126.6   314.2   430.3   568.6   821.2  1018.1  1171.5  1360.7  2182.4  9364.8 32096.5  35718.0    35582
read      504.8   803.8    68.9   108.2   127.4   310.7   417.1   531.4   747.6  1023.3  1197.4  1390.0  1864.7  9428.9 31558.7  38451.0    38504
read      496.0  1224.0    68.9   109.9   133.6   316.1   465.8   574.8   632.9   690.1   762.6   868.2  4479.6 27916.6 33357.6  15359.4    15320
read      484.2   720.7    68.9   116.4   142.9   345.9   418.7   475.9   536.9   623.0   774.8  1592.3  2620.7  7614.3 30869.6  74318.0    74264
read      503.8   799.2    68.9   107.6   126.9   311.6   409.7   501.9   612.4   974.9  1258.9  1507.3  2031.5  9970.8 31806.5  43704.8    43890
read      454.0  1726.5    80.4   124.5   156.7   257.2   317.1   354.0   379.4   408.1   448.2   538.0  5106.8 31590.1 39483.2   5922.2     5962
read      537.7  1059.4    68.9   107.3   127.1   311.5   417.8   532.4   772.6  1042.1  1225.1  1432.3  2662.3 11664.5 35537.8  38191.8    38365
read      493.8   657.4    68.9   109.5   129.6   303.1   399.4   488.0   589.8   916.8  1322.9  1651.8  2139.9  7233.4 18689.7  56048.0    55971
read      509.8   983.0    63.8   107.6   127.7   313.2   465.4   660.9   778.5   865.7   960.3  1090.1  3164.1 11283.5 32299.3  23281.2    23217
read      470.4   588.6    68.9   122.0   153.7   357.4   427.8   481.6   535.0   620.2   754.0  1471.1  2506.8  5653.6 20911.2  87466.6    87681
read      390.7   565.0    68.9   116.9   142.5   324.1   395.5   439.3   476.2   528.1   602.2   728.5  2055.2  6918.3 21806.7  92009.8    91728
read      391.1   557.5    68.9   120.4   147.3   330.0   398.9   441.6   477.3   529.5   606.5   723.7  1833.3  6810.8 28012.3  96622.6    96668
read      396.1   545.7    63.8   113.7   135.5   318.1   392.4   437.8   475.1   528.6   606.4   740.4  2599.7  6128.6 16754.7  80511.0    80475
read      487.0   763.1    68.9   107.6   127.2   310.6   450.1   627.8   792.9   905.6  1009.8  1146.3  1938.3  7350.1 31767.9  27068.2    27150
read      484.4   577.0    68.9   108.7   128.8   303.2   400.3   481.2   570.2   859.0  1324.5  1666.8  2120.8  3934.3 15700.1  53676.8    53444
read      492.5   854.3    68.9   107.2   127.6   314.1   464.3   646.1   778.5   870.8   968.3  1096.6  2324.2  8019.0 35746.4  23792.8    23737
read      453.2   680.1    68.9   121.0   150.2   354.5   425.9   472.1   517.1   585.3   692.5   967.3  2636.2  7973.5 30803.5  87709.8    87776
read      400.0   581.7    68.9   114.5   138.0   322.4   397.7   443.6   481.9   535.6   614.5   758.6  2553.9  5702.9 29554.4  82021.2    82175
read      401.9   610.9    68.9   123.3   152.4   337.4   406.1   450.1   487.1   539.0   618.5   741.7  1982.9  7401.6 30944.2  98700.4    98548
read      497.2   691.7    68.9   108.1   127.8   315.1   420.6   529.8   718.7  1012.7  1197.1  1395.7  1878.8  7510.0 31037.8  37573.2    37704
read      418.6   582.3    68.9   112.3   133.8   318.8   401.1   451.7   493.6   550.9   635.2  1020.8  2333.0  6131.8 18688.7  64822.0    64701
read      399.8   553.9    68.9   110.8   131.3   314.5   393.6   441.6   480.8   533.9   610.1   778.6  2396.8  5650.6 28843.0  69123.6    69089
read      399.0   551.2    68.9   119.1   146.1   335.7   408.9   454.7   492.2   543.9   621.9   746.0  2115.1  5950.6 28317.1  89731.4    89785
read      491.2  1159.2    68.9   109.8   132.1   311.4   458.0   582.5   649.8   716.6   790.9   901.3  3838.7 13740.7 36067.9  16648.6    16676
read      468.4   595.8    68.9   114.7   139.8   334.9   414.3   473.4   531.2   609.3   757.1  1574.8  2544.8  5942.8 19007.6  69524.8    69604
read      389.0   487.1    68.9   123.2   151.5   333.6   403.4   447.6   483.2   534.1   610.7   730.7  1519.2  5832.7 18167.0  99766.0    99682
read      397.5   522.3    68.9   123.8   152.3   337.6   407.4   452.6   489.9   542.4   619.2   742.1  1726.8  6040.8 15133.3  97773.4    97693
read      516.2  1246.3    68.9   109.2   130.7   312.3   455.0   579.0   654.7   728.0   800.5   922.5  5124.8 18284.5 32276.0  17479.0    17381
read      514.2   761.8    68.9   107.4   127.2   315.2   424.9   539.6   754.6  1034.6  1239.3  1454.2  1995.1  8768.9 30126.7  39893.2    40069
read      500.9  1656.8    74.4   117.4   145.2   293.8   388.9   445.6   480.6   520.0   571.2   680.9  5654.7 31041.8 37848.2   8814.8     8841
read      430.1   620.9    68.9   111.1   132.7   319.5   404.4   456.9   501.6   563.6   659.9  1331.7  2228.2  7028.9 29402.4  56472.4    56576
read      498.4  1080.1    74.4   108.9   130.3   311.7   454.8   606.3   727.3   817.0   909.3  1035.2  2776.9 12929.9 32244.2  21572.8    21599
read      486.3   595.0    68.9   107.0   126.8   304.2   399.5   475.3   553.0   791.0  1356.7  1717.2  2173.2  4886.5 12355.4  52886.0    53003
read      538.3  1189.2    68.9   106.6   129.3   318.6   481.6   646.5   736.7   812.1   900.5  1038.8  4417.2 16152.5 35564.8  19814.8    19831
read      481.0   621.2    68.9   119.1   148.5   357.1   430.0   484.9   542.8   627.3   766.0  1542.4  2776.4  6047.5 24614.7  80073.2    80340
read      472.5   648.0    68.9   107.2   126.7   314.3   439.6   574.4   771.6   912.6  1028.8  1171.6  1594.9  7119.4 31038.0  28675.2    28765
read      521.2   977.9    68.9   108.3   130.0   320.0   470.0   662.5   802.9   906.1  1010.1  1161.4  2816.5  8572.3 32364.8  25560.2    25572
read      506.6   784.7    68.9   108.3   128.6   317.7   429.2   543.7   756.2  1016.1  1194.3  1397.8  1865.2  8103.3 30667.2  37291.4    37071
read      420.3   565.0    68.9   114.3   137.8   325.7   403.5   455.8   498.6   557.9   644.7   877.7  2541.8  5790.3 19561.2  75693.6    75819
read      495.4   719.7    68.9   107.6   126.8   311.5   411.8   503.8   614.9   951.4  1253.9  1493.0  2004.1  8365.1 29796.5  44285.6    44359
read      426.5   565.0    68.9   123.4   154.8   352.3   421.9   467.4   507.9   570.3   664.3   827.9  2073.0  6100.2 29279.4  95993.6    95960
read      453.2   601.8    68.9   110.8   131.9   308.8   395.7   454.8   507.6   589.3   826.4  1632.2  2329.7  6631.2 19139.0  59574.6    59630
read      490.0   701.1    68.9   107.4   127.1   309.8   405.5   491.8   588.4   907.3  1282.0  1553.3  1984.2  7907.6 30773.6  47972.8    47930
read      416.5   542.0    68.9   111.3   132.7   313.5   396.8   449.6   493.9   555.4   650.0  1212.4  2266.9  4828.2 18808.3  65686.0    65545
read      406.3   670.2    68.9   120.3   148.2   334.3   404.5   449.1   486.4   538.8   615.8   740.3  2382.2  8159.7 31315.6  94125.8    94038
read      484.0   651.2    68.9   109.3   129.1   308.0   404.1   482.4   561.8   781.6  1265.2  1606.7  2124.3  7636.3 24255.2  51811.0    51806
read      485.3   619.8    68.9   108.0   127.1   305.5   403.1   495.5   606.9   959.6  1295.7  1547.2  1963.2  5313.3 18521.8  48648.4    48712
read      507.3  1409.7    74.4   112.1   134.0   310.0   443.8   528.6   578.5   629.1   691.6   804.4  5501.1 29796.4 41917.0  13114.2    13115
read      464.5   653.2    68.9   117.0   142.9   343.0   418.0   471.7   524.2   599.6   720.8  1494.8  2680.7  8335.8 24320.1  76537.8    76569
read      506.6  1065.6    68.9   110.3   131.7   320.1   471.0   630.1   723.8   797.5   879.3  1007.1  3261.7 13219.8 32021.1  19364.4    19372
read      429.0   592.5    68.9   111.6   132.4   316.2   401.0   453.6   498.7   561.3   663.8  1390.3  2249.8  5614.8 25068.1  59140.2    59331
read      394.3   516.4    68.9   111.1   131.8   315.4   398.6   446.7   484.9   535.7   607.3   767.3  2120.7  5774.9 16224.0  62689.8    62597
read      495.6   704.1    68.9   107.2   126.9   316.5   424.4   532.1   695.4   968.3  1162.3  1367.5  1898.5  7980.5 30144.5  37632.4    37702
read      501.8   784.3    68.9   106.5   125.5   310.1   405.9   495.8   605.1  1000.0  1281.5  1497.2  1949.7  9176.4 31182.0  42085.6    41975
read      521.9  1068.8    68.9   107.0   127.9   314.0   458.7   647.7   797.9   901.7  1005.5  1151.8  2858.9 11002.5 35504.7  26228.2    26100
read      429.2   652.3    68.9   115.8   141.0   333.1   404.3   453.8   497.1   561.1   659.7   912.7  2472.6  7419.4 28734.8  82461.4    82500
read      474.0   647.7    68.9   108.7   128.4   310.7   405.0   477.5   550.3   713.6  1201.3  1572.3  2048.8  7070.7 28354.8  50734.4    50756
read      413.1   523.6    68.9   111.2   133.0   316.0   397.6   447.8   490.9   548.2   633.5  1015.5  2338.4  5503.8 14670.6  66827.6    66696
read      471.1   644.5    68.9   107.9   127.6   303.7   393.2   459.5   525.7   651.1  1240.9  1659.1  2127.6  7104.2 16355.4  53476.4    53364
read      489.1  1492.3    68.9   114.2   138.2   301.3   416.0   478.3   516.5   557.9   608.8   704.3  5364.8 30411.8 40775.4  10387.0    10413
read      471.7   600.9    63.8   108.9   129.2   286.8   371.2   434.1   495.6   607.8  1302.6  1856.7  2463.7  4544.4 10789.1  64770.8    64876
read      397.3   492.7    68.9   111.3   131.9   312.8   393.3   441.6   479.4   531.2   608.7   780.6  2372.1  5052.9 13297.3  69046.4    69079
read      514.5  1150.3    68.9   109.0   130.8   320.2   474.3   628.9   726.5   805.6   893.0  1014.6  3716.0 15834.6 32487.6  19551.6    19447
read      472.0   653.4    68.9   119.8   148.4   354.9   429.0   483.3   535.8   612.3   735.8  1458.5  2710.5  6853.9 28963.7  81225.4    81182
read      517.0  1015.9    68.9   109.4   130.6   317.5   454.3   610.9   785.4   902.1  1006.6  1158.2  2877.9 11424.7 32365.9  25095.4    25265
read      566.3  1861.9    74.4   116.4   142.8   308.0   421.0   483.4   523.3   567.9   626.7   797.7  6377.9 31646.2 37403.9   9683.4     9699
read      517.6   728.3    68.9   110.2   130.2   315.2   423.6   527.0   672.5  1029.9  1341.8  1596.9  2138.9  8096.0 28293.7  48531.6    48659
read      484.9   689.3    68.9   118.1   145.7   352.1   426.5   484.1   540.7   626.0   776.3  1593.3  2606.1  8220.2 28876.2  75107.0    75126
read      406.5   615.6    68.9   122.7   151.9   341.2   411.7   454.2   490.5   543.2   624.2   751.1  1987.0  8131.7 30579.6  96646.6    96559
read      463.6   622.2    68.9   109.7   130.3   306.6   396.6   459.2   517.5   611.5  1040.1  1679.0  2241.5  6412.6 18428.3  55907.4    55885
read      530.2  1688.3    74.4   116.3   143.1   300.2   404.4   462.5   499.4   541.3   593.6   723.6  6398.0 31055.3 37387.5   9077.6     9039
read      471.1   685.5    68.9   114.9   139.4   333.6   415.6   471.6   527.1   600.3   735.9  1546.8  2717.1  7686.8 25467.6  66203.4    66378
read      515.9   890.0    68.9   109.0   129.2   319.0   420.3   506.3   603.1   950.5  1257.6  1512.2  2221.2  9929.7 35560.3  41056.8    41225
read      494.0   674.0    68.9   108.8   128.9   304.9   397.9   471.2   546.9   760.2  1379.4  1734.4  2212.3  6455.8 25752.2  52278.4    52371
read      532.0   945.3    68.9   108.6   128.0   320.9   432.7   546.4   757.7  1062.3  1272.0  1485.8  2107.4  9572.4 32166.4  39880.6    39873
read      518.1   815.3    68.9   108.7   128.2   318.1   427.3   540.6   746.1  1054.6  1272.9  1486.6  1955.6  8692.0 31633.9  41128.8    41176
read      506.5   821.9    68.9   126.7   160.9   370.8   442.2   499.1   556.7   646.8   788.7  1507.8  2767.5 12255.3 31506.3  85576.2    85357
read      397.9   554.2    68.9   117.2   141.7   326.9   401.8   447.7   484.0   535.2   610.9   740.5  2480.2  6476.9 24101.0  85389.2    85391
read      411.5   625.1    68.9   122.3   150.4   340.9   416.1   463.3   501.7   553.0   632.0   762.3  2134.7  7644.7 31077.8  92019.4    91890
read      391.0   524.6    68.9   110.7   130.2   312.0   395.9   442.7   480.2   531.7   601.7   760.0  2090.0  5282.2 15614.0  57445.0    57558
read      582.5  2089.0    68.9   116.4   143.5   306.1   418.5   483.4   524.2   568.8   625.9   740.3  6615.6 31960.2 45137.1   9992.6     9972
read      535.6   823.8    68.9   122.0   152.1   367.3   442.7   511.5   589.8   698.2   981.3  1701.8  2783.0  9558.8 31060.2  74461.0    74636
read      507.5   778.9    68.9   109.4   130.1   322.3   454.1   610.8   818.5   964.8  1090.3  1255.6  2054.4  9177.2 31273.3  29808.4    29773
read      409.5   535.5    68.9   111.7   132.1   315.1   399.7   450.1   491.9   549.1   634.2  1014.2  2192.2  5652.0 17000.3  63269.0    63494
read      549.5  2039.5    74.4   121.4   152.1   281.1   358.9   404.4   435.3   470.2   519.3   633.6  7080.9 31913.5 37371.8   7205.2     7201
read      515.4   785.6    68.9   110.6   131.1   313.0   411.7   495.1   586.3   915.1  1376.0  1693.2  2193.0  9585.2 30698.9  49397.0    49507
read      422.1   603.5    68.9   113.7   135.6   323.8   407.9   457.8   499.5   557.4   639.5   922.6  2398.9  6233.7 30212.3  65416.2    65454
read      396.4   573.3    68.9   117.8   143.6   329.0   402.2   446.4   483.5   534.3   610.8   737.6  2271.3  6412.0 28811.7  88674.0    88537
read      523.5   927.7    68.9   108.7   128.8   322.4   429.5   534.2   699.6  1007.3  1210.5  1424.5  2141.8  9738.4 32164.5  37020.2    36982
read      427.7   632.6    68.9   121.8   149.8   346.2   417.6   462.6   502.5   563.2   652.6   802.1  2669.1  6890.8 30457.9  88898.2    88964
read      404.2   519.4    68.9   124.9   154.6   344.3   416.1   460.1   497.3   550.0   631.5   759.9  1857.5  6261.7 19774.4  96552.8    96479
read      511.0   833.1    68.9   109.8   130.3   315.1   408.2   487.1   570.3   875.9  1363.0  1656.6  2180.6  9746.6 31409.7  47934.0    47883
read      500.7   632.6    68.9   110.7   131.3   313.5   415.0   503.2   602.9   935.4  1348.9  1647.8  2124.2  6245.7 14774.3  50521.0    50650
read      444.2   671.3    63.8   122.8   152.5   353.9   425.7   472.1   514.6   579.8   681.8   877.6  2526.5  7307.3 30822.0  89111.2    89242
read      541.6  1973.0    74.4   120.3   149.8   276.3   352.4   400.7   433.5   471.1   522.8   656.2  7373.5 31450.5 37070.8   7391.6     7374
read      583.6  2081.1    68.9   117.6   146.4   295.7   396.2   449.9   484.6   524.0   576.6   715.2  7453.5 31947.5 42416.3   8472.8     8507
read      490.8   601.2    68.9   110.6   131.8   316.7   416.8   495.5   577.6   799.1  1288.3  1642.1  2152.4  6091.0 15635.2  50538.4    50676
read      515.5   725.4    68.9   111.7   133.9   313.6   412.2   499.8   596.0   900.9  1387.4  1754.6  2351.6  7700.6 29234.3  57055.0    57069
read      508.3   690.4    68.9   109.7   130.0   319.8   419.8   504.9   603.2  1000.1  1352.4  1593.3  2019.3  7227.2 29245.0  43560.0    43520
read      463.0   600.9    68.9   111.2   133.0   315.5   406.5   467.3   521.7   606.1   881.0  1675.4  2317.4  6042.3 13131.0  56750.6    56720
read      422.2   586.4    68.9   113.2   136.0   326.5   408.5   459.0   500.2   558.3   640.6   886.8  2502.9  6355.1 22070.8  68236.4    68155
read      412.7   577.0    68.9   112.5   134.0   324.6   409.4   459.1   499.0   553.6   634.8   850.9  2195.5  6296.1 30253.0  60448.2    60444
read      407.0   554.2    68.9   111.6   132.9   320.5   403.7   452.5   491.6   544.2   622.6   806.4  2339.6  6587.8 20485.3  64041.6    63997
read      558.3  1543.8    68.9   111.6   134.5   319.7   459.8   590.8   679.9   749.8   837.1   973.9  5628.9 30853.3 37048.2  17377.4    17315
read      465.4   773.6    68.9   119.4   146.2   354.2   428.1   477.7   524.7   595.1   705.4  1046.8  2774.3  8666.3 31769.6  78475.6    78596
read      407.6   656.3    68.9   116.9   141.7   332.2   408.9   456.1   493.5   545.1   625.2   757.2  2306.3  7369.1 31301.9  81691.4    81548
read      405.6   493.8    68.9   125.6   156.0   347.2   419.6   463.9   501.6   553.0   633.7   765.0  1719.3  6331.8 12808.0  97127.4    97254
read      490.8   663.7    68.9   109.9   130.1   317.4   413.6   488.4   566.9   792.3  1284.3  1601.8  2077.9  7454.4 22074.4  46149.0    46135
read      548.5  1608.2    68.9   113.1   136.7   328.2   472.0   566.8   620.1   678.4   740.5   864.4  5368.6 30989.5 37241.8  13390.8    13379
read      521.0   794.8    68.9   110.2   130.6   316.3   419.3   513.7   638.5  1023.4  1360.2  1624.6  2136.8  8291.1 31666.5  46786.6    46993
read      472.3   603.6    68.9   138.1   178.4   389.8   456.0   497.7   541.7   623.3   747.7   931.5  2115.7  7665.4 30026.9  98473.8    98274
read      412.4   590.6    68.9   127.1   158.1   351.1   422.7   466.2   503.2   554.9   636.4   767.3  1643.1  7267.3 29170.5  97314.6    97056
read      517.4   814.5    68.9   111.0   131.7   322.7   420.0   500.9   586.1   904.1  1325.9  1610.7  2237.2  9316.3 32098.4  43423.4    43434
read      540.7   977.2    68.9   109.9   130.4   321.9   425.6   525.6   703.4  1061.8  1270.4  1480.5  2651.2 10952.5 32268.7  36272.2    36406
read      529.9   663.1    68.9   160.8   216.3   421.5   489.9   546.2   607.6   710.1   846.6  1185.7  2509.6  7351.6 30140.7  99167.4    99121
read      407.9   586.6    68.9   118.4   143.0   333.0   411.1   458.2   496.0   546.8   626.0   759.5  2533.6  6591.6 27490.0  80672.4    80708
read      518.4   767.5    68.9   109.5   129.9   322.9   427.0   524.0   662.2  1037.6  1304.7  1541.0  2112.3  8062.6 31373.5  40659.4    40517
read      510.2   716.2    68.9   109.1   129.2   323.5   434.7   551.0   778.5  1021.4  1192.7  1380.2  1892.9  8308.4 30402.8  34177.0    34168
read      551.4  1589.5    74.4   114.5   138.3   316.4   445.1   522.7   569.8   623.0   687.6   806.0  6430.5 30146.8 35996.2  11665.4    11754
read      481.5   729.2    68.9   131.6   169.3   382.8   454.1   502.2   548.4   621.5   744.9  1002.3  2548.6 10263.2 30010.1  93103.2    93304
read      398.3   581.0    68.9   111.7   132.1   316.8   398.2   445.4   483.8   536.2   613.5   776.7  2164.8  6777.3 28797.3  64725.8    64697
read      360.3   362.2    68.9   116.0   138.5   306.8   380.4   425.7   461.3   507.6   573.7   685.2  1746.5  3905.5 10001.4  92529.4    92626
read      366.1   376.9    63.8   111.9   132.3   303.9   381.0   429.2   466.7   514.8   581.8   711.4  2035.5  3254.9  9174.8  75437.8    75618
read      366.4   390.2    63.8   114.5   136.3   307.5   383.3   431.6   469.4   519.0   587.9   708.1  1979.9  3736.0 11189.7  85896.0    85805
read      313.3   251.3    68.9   113.2   133.2   279.2   346.2   386.4   414.7   449.6   499.6   626.2   876.8  2551.4  8109.7  18781.4    18930
read      359.2   323.4    68.9   110.9   130.0   305.6   384.3   429.6   464.7   508.7   571.9   716.5  1596.5  2386.2  8777.2  50280.6    50153
read      290.2   249.8    68.9   121.9   143.6   270.1   315.9   343.2   363.9   389.9   426.2   493.9   683.2  3228.3 11422.5  10422.8    10377
read      384.3   291.5    68.9   117.3   140.2   332.3   416.2   467.0   506.5   555.5   632.8   852.7  1417.4  2161.4  8204.1  33202.6    33112
read      368.3   301.0    63.8   115.9   138.4   322.0   400.1   448.7   486.2   532.1   596.8   794.5  1270.2  1734.0 13461.1  28723.2    28777
read      392.4   409.8    68.9   115.8   137.3   325.6   412.3   462.9   502.3   551.0   627.7   829.9  1724.2  4484.5 10471.1  45468.2    45709
read      376.8   407.9    63.8   113.4   135.3   312.6   395.3   445.3   484.3   533.2   600.6   735.5  2059.4  3701.0 10891.4  74660.4    74458
read      365.0   345.0    68.9   111.2   131.1   301.5   380.3   429.0   467.7   515.2   581.9   717.2  2046.4  3125.5  8447.8  73573.4    73596
read      346.5   395.4    68.9   110.7   130.1   300.0   372.3   418.1   453.2   495.6   552.7   728.8  1133.1  3549.8 15068.4  27988.6    28031
read      367.1   320.3    68.9   111.1   131.0   314.5   394.4   441.7   478.9   525.9   591.0   782.1  1531.8  2234.8  8803.7  45886.0    45754
read      371.9   353.9    68.9   114.1   136.2   313.6   394.2   443.7   482.9   532.5   601.1   730.7  1942.3  3619.5  6720.1  79995.8    80138
read      369.0   362.5    63.8   111.6   132.1   309.3   392.6   441.5   479.3   525.8   590.3   734.8  1829.7  2741.4  8720.8  64479.2    64350
read      368.8   324.0    68.9   111.9   132.0   312.4   394.6   443.0   480.7   526.9   591.0   765.6  1683.1  2263.1 10104.4  51956.4    51870
read      365.0   349.5    68.9   113.1   133.8   304.9   382.7   432.5   471.5   521.3   588.6   714.6  1945.1  3628.3  7501.7  80991.8    81106
read      366.5   378.2    68.9   114.5   135.7   306.7   385.8   433.9   471.9   520.6   586.5   707.7  1982.4  3529.3  9495.1  81974.2    82064
read      356.3   323.9    68.9   111.8   131.6   312.9   385.0   431.2   466.9   508.7   570.5   744.4  1246.3  2915.7  8118.6  30478.2    30534
read      339.0   297.6    68.9   112.1   132.2   303.7   374.2   419.0   452.1   492.1   545.5   689.1  1057.6  1416.4  6749.9  25529.8    25449
read      368.1   332.1    68.9   111.9   132.0   307.8   389.6   438.7   475.4   523.0   589.2   728.4  1955.8  2827.5  7176.5  67647.0    67525
read      353.0   355.3    63.8   112.4   132.6   307.7   380.2   426.7   462.5   505.5   568.7   751.1  1155.0  4938.4  8588.2  27103.8    27070
read      356.1   289.5    63.8   111.2   130.2   312.5   387.9   432.6   467.4   509.7   570.4   732.0  1400.4  1993.3  9086.9  41251.2    41133

Total QPS = 51682.8 (77524248 / 1500.0s)

Total connections = 64
Misses = 0 (0.0%)
Skipped TXs = 0 (0.0%)

RX 19148489009 bytes :   12.2 MB/s
TX          0 bytes :    0.0 MB/s
Warning! Detected max cpu usage > 95%
CPU Usage Stats (avg/min/max): 99.96%,47.21%,100.00%

