ubuntu@client-measure-pmp6:~/memcache-perf-dynamic$ ./mcperf -s 10.156.15.226 -a 10.156.15.225 --noload -T 16 -C 4 -D 4 -Q 1000 -c 4 -t 1500 --qps_interval 10 --qps_min 5000 --qps_max 100000 --qps_seed 42
Random waveform, supplied seed
Total number of intervals = 150 (5031, 54838, 74868, 30015, 40743, 23648, 97712, 53672, 55395, 29425, 15173, 82475, 90555, 47944, 28313, 28504, 22886, 35717, 14828, 81704, 55771, 85226, 75020, 12441, 56208, 17446, 86943, 49138, 49839, 47752, 27181, 6170, 7187, 99387, 91970, 79658, 59230, 78081, 64242, 37702, 40686, 30376, 38416, 65892, 39560, 10016, 55224, 19982, 48114, 36283, 23315, 11150, 98724, 56880, 13467, 99368, 46206, 71651, 22741, 56654, 99570, 23047, 70008, 42943, 46704, 75970, 21917, 82027, 81583, 14259, 7821, 17727, 65559, 41133, 28693, 53141, 54512, 14835, 98446, 38117, 77994, 30209, 68315, 91940, 49308, 46880, 92540, 49396, 97841, 35404, 80451, 87228, 75554, 57964, 83546, 55468, 34203, 37629, 34577, 47426, 58845, 66993, 10977, 51529, 48344, 5902, 71602, 41886, 47456, 93939, 16890, 45689, 32790, 44044, 28149, 39739, 72475, 93882, 6692, 50406, 83055, 55609, 16968, 43031, 17236, 82183, 42212, 12244, 61777, 36984, 29093, 41715, 34838, 63574, 24401, 32025, 98971, 23657, 67877, 53849, 79536, 17081, 39024, 26125, 33388, 20979, 95865, 73949, 60987, 54175)
Average QPS expected = 49648
Timestamp start: 1621809245219
Timestamp end: 1621810745627

#type       avg     std     min      p5     p10     p50     p67     p75     p80     p85     p90     p95     p99    p999   p9999      QPS   target
read      432.4  1508.1    80.4   144.2   175.9   275.5   320.7   349.4   371.8   400.0   437.8   529.6  3881.3 30198.4 37760.7   4999.6     5031
read      439.2   623.1    68.9   108.9   128.9   310.8   397.1   449.1   493.0   554.8   668.7  1634.2  2330.0  5797.7 27939.4  54752.7    54838
read      403.6   557.0    68.9   114.9   137.3   328.2   406.5   453.4   490.3   540.8   619.7   756.6  2448.3  5920.9 27978.9  75024.0    74868
read      540.4   942.9    68.9   109.5   131.1   325.6   447.3   589.1   846.4  1016.6  1159.6  1349.2  3049.2  9935.7 35527.0  30004.5    30015
read      515.1   956.8    63.8   103.6   121.3   303.4   395.2   466.2   540.8   946.1  1382.6  1644.0  2330.3 11730.8 32117.7  40850.4    40743
read      463.8   583.6    68.9   110.4   131.0   314.9   458.1   647.8   791.6   888.8   983.0  1105.5  1355.7  6381.8 30547.6  23665.8    23648
read      449.9   620.6    68.9   131.9   168.3   374.6   442.0   483.0   520.3   584.2   692.9   870.5  2065.1  7366.9 30288.6  97750.1    97712
read      436.7   650.4    63.8   107.1   126.4   309.7   395.0   446.3   490.3   551.2   666.8  1596.6  2246.1  6662.7 23552.7  53792.2    53672
read      497.0   825.6    68.9   103.2   122.0   294.9   379.9   437.1   491.3   577.7  1495.4  1936.4  2545.6  8585.6 31249.9  55388.7    55395
read      499.0   827.6    68.9   103.2   121.2   306.4   416.0   534.1   808.4   981.8  1121.1  1274.0  2368.7  9220.1 32404.3  29493.5    29425
read      616.8  1924.2    68.9   109.7   133.0   324.1   474.2   583.6   645.1   706.9   782.4   923.6  7901.9 31319.5 40384.8  15250.5    15173
read      456.0   708.5    68.9   118.4   146.0   345.7   418.0   465.9   510.0   583.8   691.3  1271.3  2628.8  8070.5 30131.7  82550.3    82475
read      396.2   555.7    68.9   117.4   143.2   329.6   401.0   445.0   480.6   532.1   610.9   736.3  2239.9  6951.7 23691.7  90484.6    90555
read      472.7   735.6    68.9   101.6   118.1   293.2   377.4   434.8   490.6   586.4  1394.9  1715.5  2173.8  7686.6 30652.5  47960.1    47944
read      534.8  1130.7    68.9   104.6   124.8   309.7   430.2   572.9   816.6   956.2  1080.3  1235.3  3403.1 14090.0 35967.8  28319.2    28313
read      514.9   940.0    68.9   105.8   125.8   314.1   436.3   587.9   823.0   962.8  1088.2  1237.3  2594.3 11302.9 34485.2  28492.7    28504
read      531.5  1198.3    68.9   106.9   128.1   313.7   463.8   652.3   768.0   858.8   951.3  1096.0  3722.3 16214.2 36145.4  22932.2    22886
read      507.1   891.9    68.9   102.1   120.3   306.6   398.9   481.8   587.4  1067.6  1264.3  1458.6  2139.1 11082.0 32139.4  35625.6    35717
read      573.6  1750.3    68.9   108.8   132.3   320.7   468.1   573.0   630.7   690.0   762.9   887.0  6761.1 31052.6 38566.6  14884.5    14828
read      412.9   591.7    68.9   116.3   141.2   335.8   410.9   456.3   494.1   548.0   634.7   786.6  2395.8  7117.6 30240.0  81799.2    81704
read      467.1   871.1    68.9   115.5   138.8   342.2   431.2   483.9   527.3   588.4   690.1  1152.4  2708.0  9695.1 31989.9  55715.6    55771
read      431.7   689.2    68.9   124.7   152.6   355.7   433.6   479.2   516.7   570.4   652.8   800.8  2443.0  7851.2 31300.4  85243.0    85226
read      446.4   828.7    68.9   118.0   142.8   344.5   425.2   472.3   510.5   565.8   651.4   832.9  2820.6  9275.7 31912.2  75006.8    75020
read      518.8  1456.8    68.9   110.5   134.5   317.8   441.6   525.4   576.2   630.0   697.6   826.3  5333.2 30172.7 37222.1  12387.1    12441
read      486.9   784.6    63.8   103.4   122.2   293.1   378.5   434.7   489.4   573.6  1442.6  1941.8  2471.0  8541.4 30075.1  56196.8    56208
read      579.6  1603.2    68.9   107.4   129.9   322.9   482.4   626.0   702.6   775.3   857.4  1001.7  6219.0 30746.4 39048.1  17504.8    17446
read      505.4   819.4    68.9   134.4   170.4   397.8   472.2   518.4   561.3   637.1   779.4  1090.5  2570.1  9899.4 32116.3  86809.8    86943
read      480.7   792.9    68.9   104.6   123.8   304.6   392.6   452.4   504.6   591.1  1294.0  1740.0  2284.1  9105.6 31396.9  49140.0    49138
read      476.9   698.0    63.8   101.5   118.2   290.4   377.2   434.5   490.3   580.6  1464.2  1796.8  2282.0  6687.0 25027.0  49828.0    49839
read      498.7   968.0    68.9   100.9   117.7   294.3   382.0   441.9   499.9   609.3  1463.8  1759.6  2226.3 11615.4 33731.1  47693.8    47752
read      562.5  1223.6    68.9   108.3   128.9   325.6   445.2   567.2   847.6  1038.1  1187.4  1375.0  3168.2 16805.4 37252.2  27059.9    27181
read      565.6  2179.8    74.4   121.7   156.0   271.0   338.5   376.8   403.0   433.9   478.3   601.8  8035.0 32280.4 38752.6   6193.0     6170
read      540.4  1995.7    74.4   118.9   153.0   289.3   368.7   413.9   445.6   481.6   531.4   641.7  6536.1 32306.3 39421.5   7148.6     7187
read      427.2   559.9    68.9   127.1   160.1   362.3   431.4   469.7   504.8   563.6   663.0   837.7  1941.5  5806.9 28711.7  99323.5    99387
read      390.9   565.9    68.9   117.6   143.9   332.7   404.0   446.7   480.8   529.8   606.4   732.8  1783.3  6259.8 28151.9  91920.1    91970
read      398.0   580.2    68.9   113.3   136.3   324.9   400.2   445.3   481.2   531.9   609.1   744.1  2386.8  7171.9 30301.0  79596.9    79658
read      399.2   502.2    63.8   109.1   129.3   314.7   397.1   444.4   482.1   535.0   612.0   852.3  2149.9  5052.1 13908.7  59195.3    59230
read      435.0   580.8    68.9   113.8   138.5   338.1   413.1   459.1   500.3   564.7   666.8  1040.5  2542.4  6083.4 16807.6  77935.6    78081
read      402.9   588.1    68.9   110.1   131.4   319.6   401.5   448.5   485.3   537.0   612.1   777.9  2230.2  7034.9 28958.4  64258.7    64242
read      495.5   806.6    63.8   104.2   123.0   309.9   401.8   483.4   575.7  1016.1  1266.5  1474.2  1947.0  8532.6 31703.7  37666.4    37702
read      503.0   859.5    63.8   101.8   119.5   303.4   392.5   462.5   536.7   985.9  1360.3  1586.1  2037.2 10585.3 31632.7  40682.1    40686
read      509.7   865.5    68.9   105.9   126.2   316.4   436.3   565.4   813.3   985.0  1121.2  1278.5  2048.3  9850.4 32199.7  30273.5    30376
read      493.7   742.3    63.8   103.1   121.6   307.4   399.0   475.5   561.2  1046.4  1304.5  1511.2  1911.6  8957.3 30707.6  38391.2    38416
read      408.8   640.1    68.9   110.8   132.1   318.6   399.6   447.2   484.7   538.7   617.4   804.9  2330.6  6332.7 30922.1  65885.7    65892
read      495.0   815.3    68.9   103.3   121.3   306.5   397.3   470.9   547.9   959.3  1303.5  1533.8  1995.4  8497.5 31648.3  39542.6    39560
read      591.1  1962.5    68.9   110.6   135.7   313.0   427.8   491.4   532.1   577.9   636.2   783.9  7967.3 31586.0 39331.7  10080.4    10016
read      469.4   731.5    63.8   103.8   122.3   293.4   379.7   435.4   488.2   567.1  1160.7  1855.5  2355.2  7073.4 30929.4  55113.6    55224
read      528.9  1179.7    63.8   107.2   128.5   322.7   485.0   651.9   740.6   822.6   910.9  1044.1  3624.7 14378.0 36073.1  19923.8    19982
read      472.6   689.6    63.8   102.4   118.8   287.5   375.4   436.3   495.9   610.2  1403.5  1721.8  2188.3  6606.2 25989.4  48173.8    48114
read      451.0   569.0    63.8   102.3   117.9   286.6   382.9   465.6   560.8   998.0  1205.6  1382.0  1695.4  4273.6 20205.8  36337.0    36283
read      503.2   943.6    68.9   107.3   128.2   316.7   467.1   654.2   775.8   870.9   964.8  1094.5  2524.0 10085.1 35901.8  23239.8    23315
read      531.0  1611.2    68.9   110.6   134.5   313.9   437.1   506.1   548.3   594.2   656.6   794.8  5587.5 31018.7 37495.0  11123.9    11150
read      443.2   569.9    68.9   127.5   163.1   371.7   437.0   476.3   514.3   580.9   695.7   873.5  2036.2  5879.7 28413.9  98676.1    98724
read      421.5   568.7    68.9   108.1   127.7   309.3   393.7   444.8   487.6   546.4   639.6  1444.7  2262.5  5297.7 17733.7  56963.8    56880
read      521.4  1451.0    68.9   109.5   132.4   322.6   458.2   550.5   603.3   658.6   729.2   849.1  5175.4 30220.3 36668.2  13415.0    13467
read      442.5   582.1    68.9   127.0   161.7   371.0   441.0   479.7   513.5   575.0   684.2   875.0  2144.7  6689.5 27971.2  99337.4    99368
read      482.8   781.0    68.9   102.4   119.6   299.3   385.1   443.0   499.8   603.2  1410.1  1721.4  2178.4  8828.4 31379.7  46229.0    46206
read      394.1   546.0    68.9   110.2   131.0   316.6   395.2   441.9   478.2   530.1   605.4   749.3  2323.0  5840.5 15887.2  71589.1    71651
read      510.9   987.3    68.9   107.5   128.4   317.7   470.2   649.4   770.6   865.4   959.8  1090.3  2957.0 10644.2 32259.9  22777.1    22741
read      444.6   701.5    68.9   105.6   124.7   302.0   386.4   438.1   483.7   548.1   673.2  1716.3  2358.3  6666.6 30695.9  56632.7    56654
read      414.5   557.3    68.9   124.6   155.5   350.9   421.6   462.4   497.7   552.4   642.7   794.8  1868.7  6477.8 28353.5  99634.4    99570
read      500.6   987.1    68.9   107.0   127.0   311.5   451.8   628.1   761.9   860.9   956.8  1086.7  2749.2 10852.6 32463.3  23072.4    23047
read      409.1   579.1    68.9   110.5   132.4   323.5   403.2   450.8   489.6   543.1   623.2   799.1  2444.6  5839.4 29372.6  69995.2    70008
read      488.7   766.5    68.9   100.7   117.9   300.3   388.6   452.8   514.6   668.1  1404.5  1655.0  2097.6  8495.9 30754.2  42938.5    42943
read      478.5   702.9    68.9   100.7   117.7   294.5   379.7   438.3   497.5   604.1  1458.2  1736.5  2154.6  6459.6 29885.5  46720.1    46704
read      425.8   673.2    68.9   113.8   137.5   332.4   411.1   459.5   499.8   557.4   645.3   840.2  2537.7  7499.1 30575.5  75812.9    75970
read      512.5  1076.5    68.9   106.7   127.9   319.1   468.6   642.4   753.1   844.2   935.4  1073.6  3167.7 13134.0 36686.1  21897.5    21917
read      428.5   617.5    68.9   115.4   141.3   339.6   414.5   462.0   502.4   563.8   657.2   854.6  2512.3  7324.7 29084.0  82093.0    82027
read      394.1   535.7    68.9   113.0   136.0   323.2   398.4   443.8   480.1   530.7   607.6   741.0  2445.8  5802.4 24716.8  81576.2    81583
read      535.9  1483.8    68.9   108.2   132.0   323.0   465.4   566.9   622.5   679.6   747.6   867.9  5521.5 30032.8 37740.4  14299.5    14259
read      546.7  1937.9    68.9   115.8   145.8   294.3   382.0   429.7   462.1   499.4   548.1   673.5  6291.5 31643.5 37792.5   7869.7     7821
read      512.3  1119.7    68.9   106.9   130.0   326.0   490.8   625.7   699.1   771.0   852.7   983.2  3784.0 11054.3 32467.4  17699.3    17727
read      404.0   541.0    68.9   109.9   131.0   317.8   400.9   448.5   486.6   539.9   616.7   804.5  2315.0  5910.6 16122.3  65455.1    65559
read      499.4   862.3    68.9   101.5   119.1   303.6   391.6   459.8   528.1   819.1  1378.1  1604.3  2086.7 10102.6 31714.8  41119.4    41133
read      507.5   920.6    68.9   106.1   126.6   315.7   432.9   556.8   801.7   965.9  1089.1  1249.8  2051.3 11503.5 32390.7  28714.2    28693
read      482.5   770.8    68.9   102.2   119.7   291.2   376.0   434.2   489.3   578.6  1480.1  1866.6  2336.3  8019.0 30998.4  53232.9    53141
read      442.1   608.0    68.9   104.6   123.3   300.2   385.2   437.8   485.2   552.3   706.7  1730.8  2281.0  4637.4 16152.4  54466.7    54512
read      511.5  1269.0    68.9   107.6   130.6   327.6   477.0   585.5   642.1   701.5   771.9   885.1  4382.9 27943.0 32504.2  14797.4    14835
read      431.8   651.1    68.9   126.1   159.6   361.8   431.0   471.4   508.1   567.5   662.7   818.8  2084.0  7546.3 30732.4  98451.2    98446
read      513.0   953.5    68.9   103.1   121.8   309.0   399.6   475.9   559.7  1036.2  1313.2  1518.4  2038.0 11381.2 32264.5  38144.4    38117
read      425.1   635.1    68.9   114.0   138.2   333.4   410.6   458.5   498.7   556.7   645.3   841.9  2607.9  7215.1 28984.8  78106.3    77994
read      495.2   762.0    68.9   105.7   126.2   317.2   431.1   543.9   776.1   973.8  1107.8  1267.3  1897.5  9212.5 31116.9  30197.2    30209
read      415.2   554.7    63.8   111.2   133.1   323.3   405.4   454.3   494.4   549.2   633.6   864.0  2422.0  6254.7 16812.1  68334.8    68315
read      401.0   602.9    68.9   118.2   145.1   334.4   405.9   450.3   486.7   538.0   615.3   742.6  2098.4  7288.6 28857.2  91915.6    91940
read      480.0   753.4    68.9   101.8   119.0   294.5   379.5   438.1   493.6   585.7  1458.5  1789.4  2234.6  7972.6 31001.2  49343.4    49308
read      488.6   807.0    68.9   101.3   117.8   294.8   380.1   440.9   499.6   612.9  1463.0  1739.6  2171.7  9100.4 31745.2  46873.5    46880
read      617.7   916.5    68.9   139.0   185.8   431.3   540.2   697.5   802.2   899.6  1133.7  1742.0  2775.2 11363.9 32223.7  92586.1    92540
read      476.0   665.7    68.9   105.4   127.0   331.2   421.1   467.0   509.5   604.7   946.3  1698.4  2175.8  6747.1 27722.5  49469.9    49396
read      441.9   584.7    68.9   127.3   161.3   367.0   435.8   477.6   517.0   581.3   685.6   865.7  2294.4  6727.2 27374.7  97713.8    97841
read      501.6   853.0    68.9   104.3   124.0   313.2   411.3   497.8   600.6  1031.4  1235.6  1428.0  1981.9  9760.6 32507.6  35351.9    35404
read      444.6   652.9    68.9   115.5   141.5   343.7   419.1   466.2   508.5   577.7   681.8  1008.3  2577.1  7106.7 30138.4  80426.8    80451
read      399.2   577.8    68.9   115.3   140.6   329.3   403.6   449.0   485.4   536.3   614.2   746.1  2372.0  6148.6 29134.1  87355.1    87228
read      399.7   575.0    68.9   111.4   133.1   321.2   400.0   446.5   483.8   535.9   614.2   763.4  2376.2  6102.8 28275.9  75488.7    75554
read      431.0   616.7    68.9   107.1   126.8   310.3   394.8   446.5   490.6   552.1   657.5  1526.8  2319.1  5957.3 26019.3  58029.1    57964
read      400.2   588.5    68.9   114.4   138.3   327.4   403.2   449.0   485.6   536.0   613.1   749.0  2445.2  6743.2 29039.6  83641.8    83546
read      407.1   548.9    68.9   110.4   130.2   321.6   406.5   454.9   494.9   549.3   629.4   893.3  2075.7  5697.6 19599.1  55543.8    55468
read      526.6   912.8    68.9   106.9   127.5   324.2   431.8   532.0   727.3  1050.3  1230.7  1424.7  2153.2 10697.6 32100.4  34192.5    34203
read      512.3   801.0    68.9   105.3   124.8   314.2   412.4   498.2   606.3  1080.7  1303.1  1499.0  2061.1  9254.4 31016.2  37534.7    37629
read      516.0   804.8    68.9   106.9   127.7   322.4   433.8   538.2   750.6  1037.3  1206.3  1392.4  1982.5  9082.0 31613.0  34532.5    34577
read      489.8   737.0    68.9   102.1   118.9   296.3   382.3   445.3   504.0   619.5  1493.3  1785.5  2222.3  7778.8 30470.2  47546.0    47426
read      419.4   597.4    68.9   108.0   127.8   312.4   395.1   444.6   485.7   543.3   630.4  1269.9  2324.2  6545.1 26136.0  58846.4    58845
read      407.0   566.0    68.9   111.2   132.3   321.9   404.6   454.0   493.4   547.8   626.4   802.6  2304.0  5938.5 26422.7  66953.2    66993
read      542.0  1671.5    68.9   110.9   135.7   331.4   457.2   528.0   571.2   617.5   676.0   787.3  5536.1 31226.1 40367.6  10988.6    10977
read      488.0   769.8    68.9   101.9   119.1   292.6   377.5   436.8   493.6   585.3  1520.3  1866.5  2325.9  7666.5 30510.4  51466.7    51529
read      489.5   784.9    68.9   101.7   118.3   294.4   379.6   440.1   497.4   598.1  1507.1  1796.9  2219.8  8567.6 31144.0  48510.1    48344
read      577.5  2214.7    74.4   124.4   159.7   291.3   365.6   404.5   432.0   463.1   507.5   642.1  7159.7 32369.9 38768.4   5903.3     5902
read      428.1   655.9    68.9   112.7   135.4   330.9   412.6   462.5   504.2   562.5   646.5   875.5  2557.6  7749.8 30436.3  71532.3    71602
read      511.7   844.3    68.9   104.9   124.3   316.4   409.7   485.8   564.2   908.4  1356.2  1610.7  2135.3  9831.5 31488.2  41951.9    41886
read      487.6   784.0    63.8   104.0   121.3   293.8   383.2   450.0   512.9   644.2  1458.4  1751.8  2155.6  7987.4 31066.6  47436.6    47456
read      415.6   556.0    68.9   121.9   151.5   351.3   428.4   472.9   509.7   562.5   642.0   790.1  1943.3  6246.2 23162.8  93938.8    93939
read      618.3  1993.3    68.9   112.9   137.7   368.6   549.0   682.5   753.4   825.3   910.0  1060.9  5925.0 29192.7 76997.4  16933.7    16890
read      541.1  1285.7    68.9   103.4   121.3   310.8   401.4   467.9   535.2   705.4  1516.8  1811.2  2395.4 12291.1 58645.0  45554.1    45689
read      546.4  1324.0    68.9   106.8   126.9   329.7   443.2   550.6   803.2  1084.5  1247.9  1428.7  2019.4 11418.1 62052.8  32843.5    32790
read      534.8  1054.7    68.9   102.9   120.7   310.3   398.7   465.4   534.2   732.8  1506.1  1774.7  2349.5 13133.0 35363.2  43987.6    44044
read      527.2   842.4    68.9   107.7   128.6   330.4   466.7   636.5   858.3   994.6  1115.7  1275.1  2283.6  9528.0 31397.3  28050.0    28149
read      533.1   902.1    68.9   105.1   124.8   321.0   417.5   501.1   594.1  1116.6  1392.1  1614.5  2186.3 10201.9 31834.1  39776.6    39739
read      453.8   682.4    68.9   114.8   139.2   343.7   424.3   473.1   518.9   585.8   688.7  1295.0  2622.5  7612.6 30501.1  72385.7    72475
read      411.6   611.9    68.9   122.5   151.0   346.4   421.9   466.2   502.8   553.2   632.0   761.8  1911.7  7118.6 30756.0  93789.6    93882
read      603.9  2165.8    74.4   123.2   161.0   316.4   404.0   449.7   478.1   511.9   563.1   734.3  6653.1 31964.7 43497.7   6687.5     6692
read      505.2   854.5    68.9   103.5   121.2   299.4   386.9   447.8   505.6   611.9  1553.6  1881.0  2348.1  8775.8 31768.0  50344.5    50406
read      420.8   639.0    68.9   117.0   143.0   339.3   416.8   463.1   500.7   553.5   636.7   786.6  2605.9  7313.5 30153.1  83067.3    83055
read      448.1   643.0    68.9   110.1   130.4   321.9   407.8   461.1   506.3   571.2   681.2  1572.8  2379.7  7636.6 25701.4  55552.4    55609
read      601.6  1626.4    68.9   109.2   132.9   356.1   539.2   669.4   737.8   805.2   885.8  1024.6  5881.4 30822.2 42624.0  16974.3    16968
read      538.6  1008.8    68.9   103.9   121.8   311.9   401.1   470.4   543.4   931.9  1496.8  1742.4  2375.9 11609.7 32503.9  42935.4    43031
read      570.3  1366.2    68.9   109.3   133.8   354.4   535.5   672.1   741.6   811.6   893.7  1018.2  5155.9 28196.9 39410.6  17255.4    17236
read      439.2   670.4    68.9   117.7   144.3   346.1   427.0   475.4   516.7   576.5   667.4   866.9  2601.7  7546.0 31083.4  82237.9    82183
read      514.7   831.4    68.9   103.5   121.5   311.1   399.7   469.5   541.4   856.2  1462.9  1709.7  2171.7  9108.8 31545.2  42317.7    42212
read      586.6  1657.9    74.4   113.2   137.6   364.4   518.0   600.7   646.4   694.2   759.2   877.3  6119.1 31068.4 37003.9  12280.8    12244
read      455.9   716.3    68.9   114.2   137.1   341.0   427.2   478.2   524.0   588.1   685.7  1329.9  2492.6  8115.8 31495.1  61619.8    61777
read      521.7   805.5    68.9   106.1   124.9   322.2   418.5   502.0   595.4  1100.9  1347.2  1564.1  2080.1 10247.6 30635.1  36956.0    36984
read      529.3   868.1    68.9   107.4   127.9   331.6   461.5   603.4   874.7  1039.6  1169.0  1336.2  1890.7  8643.9 34990.3  29104.4    29093
read      521.2   803.3    68.9   103.7   121.5   314.2   403.4   476.6   551.5  1072.4  1480.2  1717.0  2232.8  8833.9 30949.2  41612.3    41715
read      539.0   902.9    68.9   105.8   126.1   327.4   435.7   534.9   717.2  1118.7  1307.2  1498.7  2118.3 10833.2 31891.5  34809.3    34838
read      431.7   594.7    68.9   112.9   134.9   334.2   421.5   471.2   513.0   572.2   658.4   945.0  2475.3  6165.6 22230.9  63730.6    63574
read      531.5   900.8    68.9   108.9   130.4   340.8   501.7   702.3   840.0   943.3  1046.2  1185.7  2579.1  9032.0 32185.1  24431.4    24401
read      528.1   787.4    68.9   107.1   127.2   331.8   451.0   565.9   849.4  1082.8  1238.0  1418.2  1982.9  9027.8 31327.4  31896.5    32025
read      394.2   415.6    63.8   120.3   146.6   334.9   412.3   459.2   497.0   548.0   628.8   773.0  1846.9  4071.1 11733.9  99050.5    98971
read      359.1   271.6    68.9   109.7   128.4   316.0   403.3   457.4   493.8   537.5   602.5   764.1  1088.7  2477.9  8272.0  23571.7    23657
read      373.2   363.3    63.8   110.4   130.1   311.0   396.0   446.2   485.0   535.5   606.8   739.5  1930.7  2953.0  9600.9  67869.3    67877
read      374.1   329.0    63.8   110.2   129.5   316.2   399.4   450.6   491.0   541.8   614.1   771.8  1677.4  2426.1  7939.5  53934.1    53849
read      371.7   365.6    63.8   112.4   133.1   311.6   394.9   444.8   482.4   531.1   599.5   723.9  2028.1  3441.7  8172.0  79394.2    79536
read      351.7   262.8    68.9   112.1   132.1   323.2   402.0   447.0   477.1   513.8   571.3   690.2   941.3  3317.0  8975.8  17153.2    17081
read      375.6   308.9    63.8   111.2   131.1   326.8   407.4   461.8   503.5   554.1   625.1   796.5  1416.1  2061.6  8138.1  39038.8    39024
read      367.6   303.6    63.8   110.7   129.9   321.0   408.2   463.7   502.1   547.3   615.6   792.1  1171.1  2990.5  8138.6  26017.4    26125
read      371.8   322.2    63.8   110.6   130.6   325.0   405.6   462.6   503.3   551.5   618.9   787.0  1301.8  2165.1  9795.9  33416.4    33388
read      360.0   329.1    68.9   111.5   130.7   320.9   408.8   458.5   492.2   532.7   590.2   732.7  1039.4  3670.9 12141.4  20903.6    20979
read      364.0   328.7    68.9   117.2   141.0   316.3   395.4   443.8   480.6   528.4   594.2   705.4  1112.5  3807.3  7728.9  95813.7    95865
read      373.8   381.3    63.8   111.1   131.2   311.5   396.0   446.3   484.6   534.2   603.4   730.3  2017.0  3266.2  9837.9  74012.0    73949
read      376.2   340.4    63.8   110.4   130.0   315.2   400.0   450.7   490.4   541.8   614.8   758.9  1832.1  2621.4  9202.0  61046.3    60987
read      376.0   324.7    68.9   110.3   129.5   318.5   402.1   453.6   493.9   544.4   615.3   772.7  1708.8  2285.8  7964.6  54267.3    54175

Total QPS = 49643.7 (74465560 / 1500.0s)

Total connections = 64
Misses = 0 (0.0%)
Skipped TXs = 0 (0.0%)

RX 18392993073 bytes :   11.7 MB/s
TX          0 bytes :    0.0 MB/s
Warning! Detected max cpu usage > 95%
CPU Usage Stats (avg/min/max): 99.95%,44.67%,100.00%

