ubuntu@client-measure-6btf:~/memcache-perf-dynamic$ ./mcperf -s 10.156.0.34 -a 10.156.0.36 --noload -T 16 -C 4 -D 4 -Q 1000 -c 4 -t 5 --scan 5000:100000:5000
#type       avg     std     min      p5     p10     p50     p67     p75     p80     p85     p90     p95     p99    p999   p9999      QPS   target       ts_start         ts_end
read      425.5   467.9    86.8   199.9   253.5   388.0   450.0   486.1   510.5   541.7   582.4   646.7   937.8  7091.9 24633.2   4959.2     5000  1619131275623  1619131280987
read      482.6   321.2    80.4   164.2   211.9   446.9   552.8   606.9   641.1   684.1   744.4   864.8  1098.7  4268.9  9529.9   9904.2    10000  1619131282492  1619131287816
read      544.7   457.4    80.4   154.1   191.0   486.8   629.9   713.6   777.9   854.5   938.3  1055.1  1336.8  5885.7 14346.1  15018.6    15000  1619131289321  1619131294614
read      558.9   415.9    74.4   150.2   183.9   466.6   636.5   766.5   875.1   971.8  1076.8  1227.2  1507.6  2809.3 12364.9  20062.2    20000  1619131296118  1619131301405
read      545.9   412.8    68.9   146.3   177.0   413.7   601.9   746.5   869.1   995.2  1120.6  1295.9  1607.9  2930.5  7692.7  24962.0    25000  1619131302910  1619131308215
read      560.3   489.0    74.4   140.9   169.2   395.1   571.2   724.2   908.8  1076.6  1243.5  1446.0  1805.9  3879.2 12282.1  29948.6    30000  1619131309719  1619131315006
read      546.4   510.8    68.9   133.6   159.8   369.4   525.0   655.2   840.9  1084.6  1303.6  1531.8  1909.1  3083.5 13867.6  34946.4    35000  1619131316511  1619131321790
read      543.8   521.3    68.9   135.3   160.8   361.4   505.5   620.9   763.0  1068.4  1342.9  1609.3  2022.9  2761.9 13351.9  39871.7    40000  1619131323294  1619131328584
read      524.8   524.8    68.9   129.6   154.1   338.7   473.7   585.2   703.6  1007.1  1321.7  1616.7  2087.0  3710.9 10566.5  44942.0    45000  1619131330089  1619131335393
read      519.3   574.3    68.9   129.7   153.1   328.5   445.3   539.7   639.5   934.1  1353.1  1703.2  2198.0  3713.8 16508.4  49974.0    50000  1619131336897  1619131342191
read      524.8   592.0    68.9   130.1   154.1   327.0   436.4   525.8   620.4   861.0  1375.9  1792.7  2461.8  4185.8 13293.2  55041.8    55000  1619131343696  1619131348975
read      553.3   851.6    68.9   128.9   154.4   333.3   436.4   513.5   587.8   732.5  1341.7  2004.1  2960.5  8870.1 31146.9  60019.0    60000  1619131350479  1619131355764
read      668.3  1529.4    68.9   137.1   166.8   352.3   459.5   537.1   609.6   731.1  1201.2  2163.8  6973.3 28408.8 37188.8  65001.8    65000  1619131357269  1619131362574
read      605.4  1276.7    68.9   130.6   160.5   343.3   443.0   515.3   582.9   689.0  1072.8  2155.8  4195.5 12841.4 36090.7  69973.9    70000  1619131364079  1619131369363
read     1044.6  3165.6    74.4   220.3   252.6   391.6   502.8   572.5   619.8   675.1   759.9  2551.8 13325.7 34577.4 49385.1  72132.6    75000  1619131370868  1619131376181
read     1131.3  3350.6    80.4   259.4   287.0   415.7   547.5   623.6   670.1   725.3   813.0  2581.8 15808.5 35511.4 42279.8  68821.1    80000  1619131377685  1619131382974
read     1009.6  3117.8    74.4   216.4   244.7   383.1   493.4   555.5   597.9   649.0   731.0  1302.5 13316.2 32476.1 45180.6  75788.8    85000  1619131384477  1619131389777
read     1077.3  3205.8    80.4   244.6   270.5   407.7   542.0   599.8   637.1   687.0   780.9  2197.5 13553.9 32463.8 43632.1  71903.6    90000  1619131391281  1619131396566
read     1018.5  3256.7    80.4   220.1   244.5   385.1   493.8   546.7   584.2   631.4   708.7   993.5 16363.6 35590.3 43676.0  76679.9    95000  1619131398069  1619131403347
read     1186.9  3428.6    74.4   267.6   298.0   441.4   578.9   655.7   706.8   768.9   873.4  4327.8 16789.3 35459.8 44321.9  65669.4   100000  1619131404853  1619131410139
Warning! Detected max cpu usage > 95%
CPU Usage Stats (avg/min/max): 80.15%,21.61%,100.00%