2.0000000000000018 3.9215686274509776 1619131273.0420673
0.0 0.0 1619131273.543128
0.0 2.0000000000000018 1619131274.0440083
0.0 2.0000000000000018 1619131274.5448735
0.0 3.9215686274509776 1619131275.0458827
0.0 0.0 1619131275.5468013
13.461538461538458 2.0000000000000018 1619131276.0478559
32.25806451612904 7.547169811320753 1619131276.548832
35.38461538461538 14.28571428571429 1619131277.0498421
33.333333333333336 11.111111111111116 1619131277.5505383
37.31343283582089 14.54545454545455 1619131278.0509815
43.24324324324324 14.035087719298245 1619131278.551847
37.31343283582089 12.962962962962965 1619131279.052678
41.666666666666664 11.32075471698113 1619131279.553559
43.47826086956522 17.85714285714286 1619131280.0545478
36.66666666666667 7.692307692307687 1619131280.5554466
37.096774193548384 12.962962962962965 1619131281.0563395
0.0 0.0 1619131281.5572524
0.0 0.0 1619131282.058185
0.0 1.9607843137254943 1619131282.5590541
24.07407407407407 6.122448979591832 1619131283.0599816
44.927536231884055 7.843137254901967 1619131283.5608606
43.939393939393945 9.615384615384615 1619131284.0616949
45.714285714285715 7.843137254901967 1619131284.5625308
44.776119402985074 9.80392156862745 1619131285.0635011
48.484848484848484 14.814814814814813 1619131285.5644164
42.3728813559322 13.207547169811317 1619131286.0653098
46.26865671641791 7.843137254901967 1619131286.5663316
43.939393939393945 12.962962962962965 1619131287.0672586
48.611111111111114 9.80392156862745 1619131287.5681832
28.333333333333332 11.111111111111116 1619131288.0692518
0.0 0.0 1619131288.5701044
6.000000000000005 2.0408163265306145 1619131289.071074
2.0408163265306145 3.9215686274509776 1619131289.5721784
49.20634920634921 13.725490196078427 1619131290.0731208
44.230769230769226 15.094339622641506 1619131290.5739858
48.33333333333333 13.461538461538458 1619131291.0744834
46.55172413793104 13.207547169811317 1619131291.5754373
43.103448275862064 14.814814814814813 1619131292.0765376
50.79365079365079 13.461538461538458 1619131292.5773706
47.540983606557376 16.666666666666664 1619131293.0782456
47.61904761904761 9.80392156862745 1619131293.5793288
45.76271186440678 14.814814814814813 1619131294.0802562
50.74626865671642 6.122448979591832 1619131294.5811374
2.0408163265306145 0.0 1619131295.082067
0.0 0.0 1619131295.5830433
0.0 0.0 1619131296.0839276
21.999999999999996 5.882352941176472 1619131296.5848243
55.55555555555556 13.461538461538458 1619131297.0857065
57.57575757575757 13.207547169811317 1619131297.5864322
53.333333333333336 13.207547169811317 1619131298.0874314
52.459016393442624 13.207547169811317 1619131298.588393
56.060606060606055 13.207547169811317 1619131299.089381
54.0983606557377 13.725490196078427 1619131299.5904143
50.847457627118644 13.207547169811317 1619131300.0913765
52.94117647058824 13.461538461538458 1619131300.5924056
53.703703703703695 15.094339622641506 1619131301.0929716
36.36363636363637 9.615384615384615 1619131301.5938969
0.0 1.9607843137254943 1619131302.0948687
0.0 0.0 1619131302.5957186
0.0 2.0408163265306145 1619131303.0965707
49.09090909090909 4.347826086956519 1619131303.5974426
56.666666666666664 14.000000000000002 1619131304.0983267
50.0 8.510638297872342 1619131304.5993693
53.703703703703695 8.510638297872342 1619131305.1003745
55.35714285714286 10.416666666666663 1619131305.6013672
58.62068965517242 12.244897959183676 1619131306.102416
52.727272727272734 6.382978723404253 1619131306.603431
50.943396226415096 8.510638297872342 1619131307.104418
55.172413793103445 12.0 1619131307.6054077
56.14035087719298 15.686274509803921 1619131308.1065142
9.615384615384615 0.0 1619131308.6075022
0.0 5.769230769230771 1619131309.108437
3.9215686274509776 2.0408163265306145 1619131309.609361
18.75 4.081632653061229 1619131310.1104074
63.04347826086957 8.510638297872342 1619131310.6114192
61.702127659574465 8.333333333333337 1619131311.112287
59.61538461538461 9.999999999999998 1619131311.6131964
54.0 4.255319148936165 1619131312.1143293
58.69565217391304 8.333333333333337 1619131312.6153245
56.25 12.244897959183676 1619131313.116332
55.769230769230774 11.764705882352944 1619131313.6172526
56.00000000000001 8.163265306122447 1619131314.1181922
50.0 8.163265306122447 1619131314.619043
27.906976744186053 4.1666666666666625 1619131315.1200154
0.0 3.9215686274509776 1619131315.6209064
4.1666666666666625 0.0 1619131316.1217434
0.0 0.0 1619131316.6224515
46.666666666666664 2.127659574468088 1619131317.1235592
59.09090909090908 9.999999999999998 1619131317.6245093
59.523809523809526 4.347826086956519 1619131318.1254556
59.09090909090908 4.255319148936165 1619131318.6263936
59.09090909090908 8.163265306122447 1619131319.1274526
53.65853658536586 8.510638297872342 1619131319.6284552
60.0 13.725490196078427 1619131320.1294634
58.53658536585367 9.999999999999998 1619131320.630352
57.14285714285714 6.25 1619131321.1313255
57.77777777777777 6.122448979591832 1619131321.6323082
14.000000000000002 3.9215686274509776 1619131322.1332092
2.0408163265306145 3.9215686274509776 1619131322.6340718
2.0408163265306145 0.0 1619131323.1353145
14.583333333333337 0.0 1619131323.6362698
71.11111111111111 4.444444444444439 1619131324.1372738
65.85365853658536 2.1739130434782594 1619131324.6383104
68.88888888888889 8.333333333333337 1619131325.139296
61.904761904761905 4.347826086956519 1619131325.6402345
68.18181818181819 2.1739130434782594 1619131326.1413207
56.41025641025641 4.255319148936165 1619131326.642256
60.46511627906976 12.0 1619131327.1432633
59.45945945945945 2.2727272727272707 1619131327.6441867
64.28571428571428 8.333333333333337 1619131328.1450882
48.837209302325576 6.122448979591832 1619131328.6459954
0.0 4.0000000000000036 1619131329.146983
4.0000000000000036 1.9607843137254943 1619131329.6478288
4.0000000000000036 3.9215686274509776 1619131330.1486678
52.17391304347826 2.2222222222222254 1619131330.6495273
80.43478260869566 6.666666666666665 1619131331.1505272
69.23076923076923 4.444444444444439 1619131331.6514192
65.90909090909092 4.444444444444439 1619131332.1524267
71.42857142857143 8.510638297872342 1619131332.6533458
71.73913043478262 6.666666666666665 1619131333.1542666
64.28571428571428 4.545454545454541 1619131333.6553144
63.1578947368421 4.444444444444439 1619131334.1564426
66.66666666666667 4.444444444444439 1619131334.6572974
68.18181818181819 6.521739130434778 1619131335.1582346
24.489795918367353 0.0 1619131335.6591923
0.0 0.0 1619131336.1600769
0.0 1.9607843137254943 1619131336.6609733
6.25 2.0408163265306145 1619131337.1621072
79.54545454545455 2.2727272727272707 1619131337.6630733
77.77777777777779 12.5 1619131338.1640565
72.5 0.0 1619131338.6649594
77.77777777777779 10.416666666666663 1619131339.1660335
76.19047619047619 6.666666666666665 1619131339.6670063
75.60975609756098 8.695652173913048 1619131340.1680582
85.1063829787234 17.307692307692314 1619131340.6689723
82.6086956521739 8.695652173913048 1619131341.1698725
75.0 6.382978723404253 1619131341.6708834
71.11111111111111 6.382978723404253 1619131342.1718032
2.083333333333337 0.0 1619131342.6727033
0.0 2.0000000000000018 1619131343.17358
0.0 0.0 1619131343.6744583
44.89795918367348 2.2222222222222254 1619131344.1753972
78.57142857142857 6.818181818181824 1619131344.6765401
83.33333333333334 9.090909090909093 1619131345.1775913
89.79591836734694 14.893617021276595 1619131345.6784747
88.88888888888889 4.651162790697672 1619131346.1794996
85.41666666666666 2.3809523809523836 1619131346.6804655
82.6086956521739 11.111111111111116 1619131347.1814694
83.72093023255813 4.651162790697672 1619131347.682468
82.97872340425532 13.043478260869568 1619131348.1836529
84.0909090909091 6.818181818181824 1619131348.6846142
44.230769230769226 12.244897959183676 1619131349.1855726
0.0 3.9215686274509776 1619131349.6864839
2.0408163265306145 0.0 1619131350.1873813
4.255319148936165 2.0000000000000018 1619131350.688363
89.58333333333334 6.666666666666665 1619131351.188925
94.11764705882352 2.2727272727272707 1619131351.6899962
89.79591836734694 10.63829787234043 1619131352.191141
93.75 2.3255813953488413 1619131352.6920514
93.75 10.63829787234043 1619131353.1930344
93.87755102040816 2.3255813953488413 1619131353.69399
90.19607843137256 12.244897959183676 1619131354.1952286
91.11111111111111 6.521739130434778 1619131354.6962035
91.83673469387756 2.3255813953488413 1619131355.1973855
94.11764705882352 4.545454545454541 1619131355.6983957
7.843137254901967 0.0 1619131356.1992674
2.0000000000000018 0.0 1619131356.7001476
1.9607843137254943 2.0000000000000018 1619131357.2010064
36.170212765957444 4.1666666666666625 1619131357.702156
96.0 17.391304347826086 1619131358.2031286
95.91836734693877 2.4390243902439046 1619131358.7040784
94.11764705882352 9.090909090909093 1619131359.2052069
93.87755102040816 13.33333333333333 1619131359.706394
96.07843137254902 11.627906976744185 1619131360.2068515
100.0 9.090909090909093 1619131360.7078037
100.0 13.33333333333333 1619131361.20878
95.91836734693877 7.14285714285714 1619131361.7098594
94.11764705882352 2.4390243902439046 1619131362.2108202
62.745098039215684 4.444444444444439 1619131362.7117796
1.9607843137254943 2.0000000000000018 1619131363.2126775
1.9607843137254943 0.0 1619131363.7135751
0.0 1.9607843137254943 1619131364.2144186
80.3921568627451 2.4390243902439046 1619131364.7154047
98.0 2.500000000000002 1619131365.2164452
100.0 9.302325581395355 1619131365.7173762
100.0 4.878048780487809 1619131366.218506
100.0 9.302325581395355 1619131366.719429
96.0 2.564102564102566 1619131367.220823
98.0392156862745 4.878048780487809 1619131367.7218523
98.0 13.33333333333333 1619131368.2231436
98.0392156862745 5.000000000000004 1619131368.724572
100.0 9.523809523809524 1619131369.2256749
23.076923076923073 6.122448979591832 1619131369.7265954
2.0408163265306145 2.0000000000000018 1619131370.2274935
0.0 0.0 1619131370.7284067
25.531914893617024 0.0 1619131371.229336
100.0 2.3255813953488413 1619131371.7304199
100.0 4.761904761904767 1619131372.2314432
100.0 11.111111111111116 1619131372.7324085
100.0 13.043478260869568 1619131373.2334275
100.0 6.818181818181824 1619131373.7343872
100.0 6.818181818181824 1619131374.2352662
100.0 6.818181818181824 1619131374.736191
100.0 6.976744186046513 1619131375.2375798
100.0 8.695652173913048 1619131375.7388413
80.3921568627451 6.521739130434778 1619131376.2399895
0.0 0.0 1619131376.7408864
0.0 0.0 1619131377.24176
0.0 1.9607843137254943 1619131377.7427115
68.0 2.2727272727272707 1619131378.2436259
100.0 6.521739130434778 1619131378.7446148
100.0 6.818181818181824 1619131379.2455235
100.0 10.63829787234043 1619131379.7465148
100.0 6.818181818181824 1619131380.2474818
100.0 12.765957446808507 1619131380.7485375
100.0 12.765957446808507 1619131381.2498608
100.0 2.3255813953488413 1619131381.7512224
100.0 8.510638297872342 1619131382.2523184
100.0 13.043478260869568 1619131382.7532895
35.29411764705882 4.1666666666666625 1619131383.254227
0.0 0.0 1619131383.755097
0.0 1.9607843137254943 1619131384.2560785
6.25 2.0408163265306145 1619131384.7572327
100.0 9.090909090909093 1619131385.2584732
100.0 11.111111111111116 1619131385.7596846
100.0 4.761904761904767 1619131386.2606978
100.0 11.627906976744185 1619131386.761797
100.0 4.878048780487809 1619131387.2628598
100.0 13.33333333333333 1619131387.7639387
100.0 13.33333333333333 1619131388.2650018
100.0 11.363636363636365 1619131388.766014
100.0 18.36734693877551 1619131389.2669964
92.0 9.523809523809524 1619131389.767976
4.081632653061229 4.0000000000000036 1619131390.269056
2.2222222222222254 4.0000000000000036 1619131390.7701032
0.0 0.0 1619131391.271156
57.14285714285714 4.347826086956519 1619131391.7723618
100.0 2.564102564102566 1619131392.273536
100.0 20.833333333333336 1619131392.7752776
100.0 13.953488372093027 1619131393.2762349
100.0 13.33333333333333 1619131393.77735
98.0392156862745 7.317073170731703 1619131394.2784836
100.0 20.833333333333336 1619131394.7795727
100.0 9.756097560975608 1619131395.2805145
100.0 11.627906976744185 1619131395.7815425
100.0 7.317073170731703 1619131396.2825768
48.97959183673469 10.204081632653061 1619131396.7837133
1.9607843137254943 0.0 1619131397.2847304
0.0 0.0 1619131397.7856317
3.9215686274509776 0.0 1619131398.286505
100.0 14.634146341463417 1619131398.7874765
100.0 14.28571428571429 1619131399.2887197
100.0 20.93023255813954 1619131399.7896383
100.0 18.6046511627907 1619131400.2904675
100.0 25.0 1619131400.791449
100.0 16.279069767441857 1619131401.2920687
100.0 14.28571428571429 1619131401.7929716
100.0 5.128205128205132 1619131402.29396
100.0 18.181818181818176 1619131402.7944977
100.0 14.634146341463417 1619131403.295564
2.0408163265306145 2.0000000000000018 1619131403.7968495
0.0 0.0 1619131404.2979813
0.0 2.0000000000000018 1619131404.798899
47.05882352941176 4.1666666666666625 1619131405.2999578
100.0 14.28571428571429 1619131405.8008611
98.0 14.28571428571429 1619131406.3020034
100.0 10.63829787234043 1619131406.8024561
100.0 8.510638297872342 1619131407.3033702
100.0 12.5 1619131407.804233
100.0 6.666666666666665 1619131408.3051364
100.0 16.000000000000004 1619131408.805613
100.0 8.888888888888891 1619131409.3065248
100.0 16.326530612244895 1619131409.807447
59.183673469387756 8.163265306122447 1619131410.3084981
0.0 5.882352941176472 1619131410.8093615
0.0 0.0 1619131411.3102758
1.9607843137254943 0.0 1619131411.8111634
0.0 0.0 1619131412.3120468
4.081632653061229 3.9215686274509776 1619131412.813006
2.0000000000000018 0.0 1619131413.3139207
0.0 0.0 1619131413.8148286
0.0 2.0000000000000018 1619131414.3158076
0.0 2.0000000000000018 1619131414.8168178
0.0 0.0 1619131415.3177097