ubuntu@client-measure-6btf:~/memcache-perf-dynamic$ ./mcperf -s 10.156.0.34 -a 10.156.0.36 --noload -T 16 -C 4 -D 4 -Q 1000 -c 4 -t 5 --scan 5000:100000:5000
#type       avg     std     min      p5     p10     p50     p67     p75     p80     p85     p90     p95     p99    p999   p9999      QPS   target       ts_start         ts_end
read      410.7   810.2    86.8   203.2   245.2   351.2   396.4   425.0   446.3   470.4   508.0   571.8   973.6  9076.0 31981.5   4956.2     5000  1619131016316  1619131021695
read      410.4   406.4    80.4   167.6   208.2   378.7   448.6   487.2   517.1   550.6   591.1   658.7   887.4  5506.3 17610.3   9945.2    10000  1619131023199  1619131028528
read      442.4   376.4    80.4   156.1   191.5   411.1   497.2   545.1   578.3   616.0   671.7   813.0  1130.9  3653.9 17089.6  14963.7    15000  1619131030034  1619131035339
read      442.9   334.5    74.4   149.8   183.5   408.0   503.1   554.5   588.6   629.1   689.8   854.2  1245.2  2961.9 12615.7  20156.0    20000  1619131036844  1619131042149
read      458.9   326.5    74.4   144.4   176.3   408.2   515.7   574.8   613.6   661.3   746.2   981.0  1445.1  2493.3 11623.3  25032.4    25000  1619131043653  1619131048944
read      458.3   343.3    74.4   142.9   174.0   403.5   511.5   571.9   612.3   661.5   742.5   970.0  1555.3  3272.8  9869.9  30034.9    30000  1619131050448  1619131055737
read      456.0   341.7    74.4   141.9   171.1   396.3   507.4   570.0   612.4   662.4   740.9   959.8  1639.3  2684.6  9880.9  34939.2    35000  1619131057242  1619131062532
read      451.6   351.1    68.9   139.4   167.9   387.2   496.9   561.5   608.9   662.5   742.6   963.9  1717.7  2610.4 11254.8  39950.8    40000  1619131064036  1619131069321
read      443.5   392.1    68.9   135.6   162.2   369.7   480.2   544.8   591.7   646.2   730.8   977.1  1815.4  2955.7 12318.6  44739.4    45000  1619131070824  1619131076132
read      436.4   384.2    68.9   133.3   159.8   363.6   472.1   536.2   583.9   637.1   716.9   918.4  1884.8  3253.4 11077.5  49980.8    50000  1619131077636  1619131082924
read      426.1   358.9    68.9   130.6   156.7   359.1   466.8   526.2   569.8   621.5   691.1   860.5  1950.2  3183.4  9362.5  54981.2    55000  1619131084429  1619131089709
read      415.6   332.6    68.9   130.3   155.9   351.8   453.5   511.1   556.3   609.3   679.9   840.5  1925.2  2987.8  5451.7  59844.0    60000  1619131091214  1619131096513
read      414.0   387.0    68.9   131.3   156.4   339.1   441.1   502.2   549.7   608.3   683.9   851.7  1969.8  3645.3 10663.2  64999.2    65000  1619131098018  1619131103299
read      421.5   495.8    68.9   130.5   156.8   347.1   447.7   506.6   551.6   606.4   680.9   836.5  2098.8  4048.7 17376.4  70101.6    70000  1619131104804  1619131110094
read      408.5   406.7    68.9   130.7   156.5   341.1   438.6   495.1   539.4   592.2   663.2   802.7  1903.8  3863.0 10707.9  74908.8    75000  1619131111599  1619131116894
read      404.7   433.4    68.9   131.4   157.1   338.1   433.9   492.6   537.8   593.0   667.1   801.4  1525.2  4061.4 14073.8  79988.0    80000  1619131118399  1619131123676
read      404.6   441.3    68.9   134.2   160.9   338.0   431.5   488.0   533.1   587.6   661.1   794.9  1451.9  4597.6 14123.3  84750.7    85000  1619131125180  1619131130461
read      412.8   403.3    68.9   137.8   166.7   352.8   445.5   501.4   544.7   598.7   673.3   812.8  1359.4  3979.6 11902.5  89917.9    90000  1619131131966  1619131137270
read      418.6   382.4    68.9   145.5   176.9   362.2   453.3   508.0   551.6   607.3   684.1   818.8  1182.3  3860.7 12754.4  95035.5    95000  1619131138776  1619131144080
read      446.0   356.6    74.4   161.1   197.6   392.1   485.0   544.4   591.0   650.1   735.0   872.3  1217.6  3706.1  9998.9 100015.0   100000  1619131145591  1619131150874
Warning! Detected max cpu usage > 95%
CPU Usage Stats (avg/min/max): 80.96%,23.86%,100.00%