0.0 0.0 1619131014.0628564
0.0 0.0 1619131014.5639052
3.9215686274509776 0.0 1619131015.0649107
4.1666666666666625 2.0000000000000018 1619131015.565782
2.083333333333337 0.0 1619131016.0668879
0.0 0.0 1619131016.567808
0.0 6.25 1619131017.0682268
2.1739130434782594 2.2222222222222254 1619131017.5690541
2.1739130434782594 2.1739130434782594 1619131018.069907
2.2222222222222254 2.1739130434782594 1619131018.5707443
6.666666666666665 6.818181818181824 1619131019.0717466
6.25 2.2222222222222254 1619131019.572741
4.347826086956519 4.255319148936165 1619131020.073636
0.0 2.2222222222222254 1619131020.5746017
2.2727272727272707 0.0 1619131021.075853
0.0 0.0 1619131021.576954
0.0 0.0 1619131022.077558
2.0408163265306145 0.0 1619131022.5784848
5.882352941176472 0.0 1619131023.0793889
0.0 2.0408163265306145 1619131023.5803874
4.545454545454541 2.3255813953488413 1619131024.0812721
0.0 0.0 1619131024.582189
2.3809523809523836 4.651162790697672 1619131025.0830781
0.0 0.0 1619131025.5841343
6.818181818181824 2.3809523809523836 1619131026.0850081
0.0 2.3255813953488413 1619131026.5859585
0.0 4.545454545454541 1619131027.0865183
2.3255813953488413 2.3255813953488413 1619131027.5875664
0.0 4.651162790697672 1619131028.0884416
4.444444444444439 0.0 1619131028.5892913
7.843137254901967 4.0000000000000036 1619131029.0901952
2.0000000000000018 0.0 1619131029.5911627
0.0 0.0 1619131030.0920415
7.317073170731703 0.0 1619131030.5929751
2.777777777777779 4.761904761904767 1619131031.0938969
5.405405405405405 0.0 1619131031.5947874
2.500000000000002 0.0 1619131032.0954788
2.631578947368418 6.976744186046513 1619131032.5964243
7.317073170731703 4.761904761904767 1619131033.097389
2.564102564102566 2.4390243902439046 1619131033.598283
2.500000000000002 0.0 1619131034.099355
5.000000000000004 9.090909090909093 1619131034.6002705
0.0 0.0 1619131035.1012156
0.0 4.255319148936165 1619131035.6020823
0.0 0.0 1619131036.1029925
2.0000000000000018 0.0 1619131036.6040394
4.0000000000000036 2.0408163265306145 1619131037.1047695
2.7027027027026973 5.405405405405405 1619131037.6057303
2.631578947368418 2.7027027027026973 1619131038.106725
0.0 5.263157894736848 1619131038.6077046
7.8947368421052655 7.692307692307687 1619131039.1089013
5.263157894736848 5.128205128205132 1619131039.6097424
7.8947368421052655 2.7027027027026973 1619131040.110587
5.882352941176472 2.777777777777779 1619131040.6116037
2.941176470588236 2.631578947368418 1619131041.11266
0.0 2.7027027027026973 1619131041.6134884
2.631578947368418 2.631578947368418 1619131042.114349
2.083333333333337 3.9215686274509776 1619131042.6155567
1.9607843137254943 0.0 1619131043.1164691
0.0 0.0 1619131043.6173184
4.444444444444439 0.0 1619131044.1181853
2.857142857142858 2.857142857142858 1619131044.619084
12.82051282051282 8.333333333333337 1619131045.1202235
6.060606060606055 5.555555555555558 1619131045.6214588
3.125 0.0 1619131046.122365
5.555555555555558 8.333333333333337 1619131046.6231956
5.714285714285716 3.0303030303030276 1619131047.1240015
2.857142857142858 2.941176470588236 1619131047.6253004
5.555555555555558 2.941176470588236 1619131048.1263125
5.405405405405405 5.714285714285716 1619131048.6273212
9.523809523809524 5.000000000000004 1619131049.1280894
3.9215686274509776 1.9607843137254943 1619131049.6290476
0.0 0.0 1619131050.1299727
4.255319148936165 0.0 1619131050.6309235
8.823529411764708 5.714285714285716 1619131051.1319218
8.823529411764708 6.060606060606055 1619131051.6331623
9.090909090909093 11.428571428571432 1619131052.134117
6.25 6.060606060606055 1619131052.6350403
6.25 8.823529411764708 1619131053.1360793
6.060606060606055 11.111111111111116 1619131053.6366615
3.125 3.0303030303030276 1619131054.137553
8.571428571428575 6.060606060606055 1619131054.6385455
3.2258064516129004 3.0303030303030276 1619131055.1395574
13.888888888888884 6.060606060606055 1619131055.640573
4.255319148936165 2.0408163265306145 1619131056.1418989
0.0 0.0 1619131056.642766
1.9607843137254943 0.0 1619131057.1436381
2.4390243902439046 2.4390243902439046 1619131057.644637
12.121212121212121 15.151515151515149 1619131058.1455653
15.151515151515149 9.090909090909093 1619131058.646614
9.375 12.5 1619131059.1470444
15.151515151515149 11.764705882352944 1619131059.648134
9.375 6.451612903225811 1619131060.14931
21.875 6.451612903225811 1619131060.650238
16.666666666666664 14.70588235294118 1619131061.1514788
7.14285714285714 6.25 1619131061.6525555
12.121212121212121 9.090909090909093 1619131062.153579
7.8947368421052655 7.692307692307687 1619131062.6545901
0.0 3.9215686274509776 1619131063.1554887
1.9607843137254943 1.9607843137254943 1619131063.65637
0.0 0.0 1619131064.15719
8.823529411764708 6.060606060606055 1619131064.6577072
25.71428571428571 24.242424242424242 1619131065.1586187
16.129032258064512 23.529411764705888 1619131065.6596935
15.625 15.625 1619131066.16098
15.151515151515149 12.903225806451612 1619131066.662048
9.677419354838712 15.151515151515149 1619131067.163148
9.677419354838712 12.903225806451612 1619131067.6644032
17.647058823529417 16.129032258064512 1619131068.1654837
15.625 14.70588235294118 1619131068.6664665
22.857142857142854 22.857142857142854 1619131069.1673827
4.255319148936165 2.2222222222222254 1619131069.6683578
0.0 0.0 1619131070.1693099
2.1739130434782594 0.0 1619131070.6702657
9.090909090909093 6.382978723404253 1619131071.1711686
34.285714285714285 10.344827586206895 1619131071.6723018
27.27272727272727 18.181818181818176 1619131072.1735628
28.125 15.151515151515149 1619131072.674491
21.875 25.0 1619131073.175627
26.470588235294112 18.181818181818176 1619131073.6765876
15.625 15.151515151515149 1619131074.177657
21.212121212121215 9.677419354838712 1619131074.678549
13.33333333333333 18.181818181818176 1619131075.179578
44.44444444444444 28.205128205128204 1619131075.6807637
20.588235294117652 13.157894736842103 1619131076.1819744
0.0 0.0 1619131076.6830213
2.0408163265306145 2.0000000000000018 1619131077.183949
0.0 2.0000000000000018 1619131077.6849442
21.052631578947366 17.948717948717952 1619131078.1858659
40.54054054054054 27.77777777777778 1619131078.6869807
34.375 29.411764705882348 1619131079.187921
33.333333333333336 23.529411764705888 1619131079.6888916
32.35294117647059 24.242424242424242 1619131080.1898644
45.714285714285715 24.242424242424242 1619131080.6908052
28.125 30.555555555555557 1619131081.191874
28.125 21.212121212121215 1619131081.6929061
25.0 19.354838709677423 1619131082.19385
31.25 25.71428571428571 1619131082.6947362
4.761904761904767 14.893617021276595 1619131083.19565
0.0 0.0 1619131083.696665
0.0 0.0 1619131084.197658
4.1666666666666625 8.163265306122447 1619131084.6987102
36.36363636363637 33.333333333333336 1619131085.1997044
33.333333333333336 43.24324324324324 1619131085.7008927
44.44444444444444 31.25 1619131086.2016711
25.806451612903224 34.375 1619131086.7024732
33.333333333333336 33.333333333333336 1619131087.2035968
40.0 28.125 1619131087.7045927
25.806451612903224 26.66666666666667 1619131088.2057319
38.888888888888886 32.35294117647059 1619131088.7067008
40.0 38.23529411764706 1619131089.2072127
26.470588235294112 31.428571428571427 1619131089.7081602
2.0000000000000018 0.0 1619131090.2091193
0.0 0.0 1619131090.7100096
2.2222222222222254 0.0 1619131091.210972
26.190476190476186 19.047619047619047 1619131091.7118635
39.39393939393939 39.39393939393939 1619131092.2128856
45.714285714285715 44.44444444444444 1619131092.7138484
47.36842105263158 42.85714285714286 1619131093.214782
40.0 34.375 1619131093.7158024
37.5 38.23529411764706 1619131094.216848
39.39393939393939 40.0 1619131094.717928
33.333333333333336 39.39393939393939 1619131095.218554
44.44444444444444 44.73684210526315 1619131095.7196846
40.625 33.333333333333336 1619131096.2207143
18.181818181818176 17.07317073170732 1619131096.7216494
0.0 0.0 1619131097.2225268
1.9607843137254943 1.9607843137254943 1619131097.7233913
2.0000000000000018 0.0 1619131098.224225
58.53658536585367 45.945945945945944 1619131098.7251947
54.28571428571429 48.64864864864865 1619131099.2257237
52.77777777777778 41.17647058823529 1619131099.7263966
63.63636363636363 42.85714285714286 1619131100.2273338
66.66666666666667 45.714285714285715 1619131100.728753
57.89473684210527 44.11764705882353 1619131101.2300985
54.28571428571429 30.000000000000004 1619131101.7310193
51.35135135135135 44.73684210526315 1619131102.2321577
60.526315789473685 39.39393939393939 1619131102.7331967
44.11764705882353 45.945945945945944 1619131103.2341797
0.0 0.0 1619131103.7351391
0.0 0.0 1619131104.2359743
1.9607843137254943 1.9607843137254943 1619131104.7368307
25.0 22.72727272727273 1619131105.2377865
69.04761904761905 65.11627906976744 1619131105.7384393
55.55555555555556 58.97435897435898 1619131106.239626
54.054054054054056 63.1578947368421 1619131106.74059
60.526315789473685 64.28571428571428 1619131107.2417953
55.55555555555556 58.33333333333333 1619131107.742704
57.49999999999999 62.5 1619131108.2437727
56.75675675675676 59.45945945945945 1619131108.7449224
57.89473684210527 60.97560975609756 1619131109.245425
57.89473684210527 60.526315789473685 1619131109.746412
30.000000000000004 32.55813953488372 1619131110.2473986
6.382978723404253 2.0000000000000018 1619131110.748303
2.0000000000000018 1.9607843137254943 1619131111.249281
0.0 2.0000000000000018 1619131111.7502098
55.00000000000001 59.09090909090908 1619131112.251259
64.28571428571428 66.66666666666667 1619131112.752324
64.28571428571428 67.5 1619131113.253327
61.53846153846154 68.29268292682926 1619131113.7545
64.1025641025641 61.53846153846154 1619131114.2555575
61.904761904761905 63.1578947368421 1619131114.7566857
64.1025641025641 65.78947368421053 1619131115.2576585
65.0 66.66666666666667 1619131115.7586162
61.53846153846154 69.04761904761905 1619131116.2597606
63.41463414634146 65.85365853658536 1619131116.760781
12.0 10.416666666666663 1619131117.2617524
0.0 1.9607843137254943 1619131117.7626338
1.9607843137254943 0.0 1619131118.26351
26.0 13.33333333333333 1619131118.7647028
77.27272727272727 61.53846153846154 1619131119.2659383
73.6842105263158 67.5 1619131119.7670884
78.04878048780488 61.904761904761905 1619131120.2683892
84.78260869565217 61.111111111111114 1619131120.7695847
83.33333333333334 61.53846153846154 1619131121.2706485
79.54545454545455 64.1025641025641 1619131121.77174
69.76744186046511 61.53846153846154 1619131122.2727869
75.0 61.111111111111114 1619131122.7738554
75.0 66.66666666666667 1619131123.2751648
52.17391304347826 37.5 1619131123.7762268
3.8461538461538436 0.0 1619131124.2771273
0.0 0.0 1619131124.7780097
2.0408163265306145 4.0000000000000036 1619131125.2788792
58.69565217391304 47.5 1619131125.7798028
77.77777777777779 70.73170731707317 1619131126.2807596
79.54545454545455 64.1025641025641 1619131126.7820415
73.80952380952381 72.09302325581395 1619131127.2831035
81.3953488372093 68.29268292682926 1619131127.7841723
76.19047619047619 70.73170731707317 1619131128.2851856
80.85106382978724 67.5 1619131128.786556
75.60975609756098 70.0 1619131129.287641
82.92682926829268 65.78947368421053 1619131129.7890375
79.06976744186046 67.5 1619131130.2902908
20.45454545454546 16.666666666666664 1619131130.7913733
0.0 0.0 1619131131.2924194
0.0 0.0 1619131131.7932937
13.725490196078427 15.686274509803921 1619131132.2943606
89.36170212765957 81.81818181818181 1619131132.795427
86.66666666666667 75.60975609756098 1619131133.2965493
86.95652173913044 76.19047619047619 1619131133.7970638
82.6086956521739 72.5 1619131134.2982564
85.71428571428572 76.08695652173914 1619131134.7988586
84.44444444444444 77.5 1619131135.3000789
95.91836734693877 78.57142857142857 1619131135.8012764
87.2340425531915 79.54545454545455 1619131136.302434
85.71428571428572 80.43478260869566 1619131136.8032465
75.0 65.90909090909092 1619131137.3042755
0.0 0.0 1619131137.8051348
0.0 1.9607843137254943 1619131138.306033
1.9607843137254943 2.0000000000000018 1619131138.8064432
52.08333333333333 55.10204081632652 1619131139.3068764
85.41666666666666 91.66666666666666 1619131139.8078742
86.95652173913044 92.0 1619131140.308844
91.83673469387756 87.2340425531915 1619131140.8094554
86.95652173913044 89.58333333333334 1619131141.310536
81.3953488372093 91.66666666666666 1619131141.8113658
85.1063829787234 86.95652173913044 1619131142.312415
88.88888888888889 87.5 1619131142.8133535
84.78260869565217 94.11764705882352 1619131143.314348
84.44444444444444 89.13043478260869 1619131143.815312
29.78723404255319 34.0 1619131144.3162007
0.0 4.0000000000000036 1619131144.8170388
0.0 0.0 1619131145.3178856
4.0000000000000036 2.0000000000000018 1619131145.8187478
86.95652173913044 93.75 1619131146.3196788
89.58333333333334 94.0 1619131146.8207128
87.5 93.87755102040816 1619131147.321651
91.83673469387756 92.15686274509804 1619131147.8226748
89.13043478260869 95.91836734693877 1619131148.3236427
89.36170212765957 95.83333333333334 1619131148.824694
91.11111111111111 94.0 1619131149.32523
91.11111111111111 93.47826086956522 1619131149.8262935
93.75 98.0392156862745 1619131150.327428
97.91666666666666 95.74468085106383 1619131150.8283062
4.255319148936165 0.0 1619131151.3294141
0.0 0.0 1619131151.8303504
0.0 0.0 1619131152.3312435
4.0000000000000036 2.0000000000000018 1619131152.8321075
1.9607843137254943 1.9607843137254943 1619131153.333005