ubuntu@client-measure-pmp6:~/memcache-perf-dynamic$ ./mcperf -s 10.156.15.226 -a 10.156.15.225 --noload -T 16 -C 4 -D 4 -Q 1000 -c 4 -t 1500 --qps_interval 10 --qps_min 5000 --qps_max 100000 --qps_seed 42
Random waveform, supplied seed
Total number of intervals = 150 (5031, 54838, 74868, 30015, 40743, 23648, 97712, 53672, 55395, 29425, 15173, 82475, 90555, 47944, 28313, 28504, 22886, 35717, 14828, 81704, 55771, 85226, 75020, 12441, 56208, 17446, 86943, 49138, 49839, 47752, 27181, 6170, 7187, 99387, 91970, 79658, 59230, 78081, 64242, 37702, 40686, 30376, 38416, 65892, 39560, 10016, 55224, 19982, 48114, 36283, 23315, 11150, 98724, 56880, 13467, 99368, 46206, 71651, 22741, 56654, 99570, 23047, 70008, 42943, 46704, 75970, 21917, 82027, 81583, 14259, 7821, 17727, 65559, 41133, 28693, 53141, 54512, 14835, 98446, 38117, 77994, 30209, 68315, 91940, 49308, 46880, 92540, 49396, 97841, 35404, 80451, 87228, 75554, 57964, 83546, 55468, 34203, 37629, 34577, 47426, 58845, 66993, 10977, 51529, 48344, 5902, 71602, 41886, 47456, 93939, 16890, 45689, 32790, 44044, 28149, 39739, 72475, 93882, 6692, 50406, 83055, 55609, 16968, 43031, 17236, 82183, 42212, 12244, 61777, 36984, 29093, 41715, 34838, 63574, 24401, 32025, 98971, 23657, 67877, 53849, 79536, 17081, 39024, 26125, 33388, 20979, 95865, 73949, 60987, 54175)
Average QPS expected = 49648
Timestamp start: 1621811193672
Timestamp end: 1621812694048

#type       avg     std     min      p5     p10     p50     p67     p75     p80     p85     p90     p95     p99    p999   p9999      QPS   target
read      524.3  1666.4    80.4   145.5   198.5   329.8   396.8   437.0   467.0   499.9   545.6   671.1  5166.3 31491.5 37370.1   5029.2     5031
read      456.7   685.1    68.9   108.2   126.5   311.5   400.5   458.9   508.2   584.3   754.0  1691.3  2306.9  7316.4 30120.4  54914.7    54838
read      445.6   666.4    68.9   117.3   141.8   346.9   428.2   480.6   525.2   585.4   676.8   894.8  2712.9  6950.5 30951.4  74697.7    74868
read      553.2  1009.3    68.9   108.1   128.2   336.2   476.8   639.7   880.1  1040.9  1173.8  1352.8  2628.6 11374.0 37340.3  29938.0    30015
read      505.8   700.0    63.8   111.6   130.8   313.7   429.6   547.0   719.2  1040.8  1259.8  1485.6  1939.2  7477.5 30570.1  40688.6    40743
read      497.1   551.6    74.4   113.2   133.6   344.1   528.8   733.9   854.7   947.7  1039.2  1156.2  1412.6  6041.8 19493.4  23641.0    23648
read      470.0   579.2    68.9   135.5   175.6   390.8   467.8   512.0   550.4   618.9   733.7   950.8  2009.8  7198.1 26164.9  97491.8    97712
read      487.2   760.4    68.9   106.2   125.6   308.7   400.6   465.7   525.2   625.2  1230.5  1784.8  2351.9  7922.8 30918.9  53652.0    53672
read      520.3   948.1    68.9   103.7   122.2   298.5   386.3   451.8   514.2   627.6  1509.4  1950.5  2691.0  9670.4 32304.9  55281.9    55395
read      563.1  1220.2    68.9   105.6   124.9   328.8   473.4   661.5   895.7  1037.1  1157.8  1329.0  2974.7 15411.6 39409.5  29349.7    29425
read      655.7  1935.3    68.9   108.9   132.3   371.3   547.7   646.9   701.1   760.5   838.9   984.7  7673.6 31552.3 38978.7  15221.5    15173
read      441.2   703.2    68.9   117.3   143.6   344.3   420.4   469.8   512.8   573.2   664.4   856.3  2681.6  8284.8 31029.9  82407.4    82475
read      412.1   594.4    68.9   119.0   146.5   341.7   417.0   464.2   503.2   556.4   634.8   766.7  2379.8  7191.3 29953.9  90589.4    90555
read      514.8   961.9    68.9   101.5   117.8   298.9   387.1   455.2   521.7   667.3  1498.1  1799.3  2314.6 11137.8 32451.0  47888.1    47944
read      539.0   971.5    68.9   106.1   125.5   325.6   473.9   671.9   876.3  1002.7  1117.7  1279.6  2816.5 11246.7 32088.8  28242.4    28313
read      543.2  1024.9    68.9   106.2   125.5   324.9   479.1   687.2   875.8  1000.3  1113.7  1275.6  2890.2 10803.6 35688.2  28599.8    28504
read      580.9  1348.8    68.9   105.8   125.7   337.7   521.3   720.4   823.0   911.6  1007.6  1160.1  4240.7 24886.3 35583.3  22885.1    22886
read      535.9   954.6    68.9   106.3   125.8   320.1   435.1   562.6   820.8  1071.1  1237.2  1424.0  2340.8 11741.6 32382.8  35753.7    35717
read      552.7  1461.5    68.9   109.6   133.1   362.1   528.9   623.3   676.3   730.7   797.4   906.3  5093.6 30243.3 40364.3  14799.7    14828
read      437.6   670.4    68.9   117.7   144.3   345.2   422.7   471.0   513.0   571.9   661.7   843.3  2661.4  7822.4 30660.9  81739.3    81704
read      511.7   828.2    68.9   113.4   135.4   339.0   432.6   497.0   554.2   645.1   929.8  1796.4  2736.1  8950.6 31385.2  55767.3    55771
read      447.5   737.4    68.9   125.4   155.1   365.7   445.7   493.7   532.8   586.0   668.6   825.4  2596.4  8647.2 31378.9  85245.3    85226
read      427.6   658.7    68.9   115.2   138.6   338.4   419.0   467.6   507.9   562.9   641.0   803.7  2631.3  7573.2 30546.3  74828.0    75020
read      566.8  1449.8    74.4   110.5   134.6   367.3   515.8   596.0   642.1   692.1   756.8   892.5  5503.6 28259.0 34169.2  12413.7    12441
read      476.8   707.0    68.9   105.9   125.1   305.4   396.4   459.3   516.6   611.9  1087.8  1790.5  2367.7  7449.1 27879.0  56005.1    56208
read      606.7  1474.8    68.9   110.7   135.1   372.5   570.1   707.5   782.0   857.9   944.5  1097.0  5220.0 29853.8 37774.3  17440.5    17446
read      503.5   802.6    68.9   133.5   170.6   404.3   482.6   529.3   570.0   634.5   762.3  1015.5  2533.6 10768.8 31812.0  86911.5    86943
read      502.0   813.1    68.9   102.8   120.0   300.3   391.1   462.8   535.4   729.5  1432.2  1753.5  2244.8  9358.5 31591.8  49189.4    49138
read      493.9   796.8    68.9   101.0   116.9   291.3   377.4   442.2   504.4   618.6  1534.9  1839.4  2294.4  8325.4 30635.7  49867.7    49839
read      512.8   842.3    68.9   104.2   122.4   304.5   397.3   474.0   555.3   872.5  1427.3  1711.3  2207.9  9816.6 31630.8  47811.7    47752
read      568.9   930.7    68.9   112.5   133.9   348.4   505.8   720.6   939.3  1080.6  1212.8  1382.8  2559.9 10971.1 31977.6  27159.4    27181
read      691.4  2503.4    74.4   125.8   175.0   343.3   427.2   469.1   499.7   535.4   584.8   745.2  9231.3 32177.9 40461.5   6175.6     6170
read      652.9  2178.9    74.4   121.6   161.7   354.7   452.2   500.7   532.6   569.8   621.8   783.0  8632.5 32124.6 39864.0   7188.9     7187
read      429.1   531.4    68.9   129.0   163.4   369.3   444.4   489.5   525.6   578.5   667.6   823.4  1792.5  5341.6 24242.8  99296.2    99387
read      403.4   581.5    68.9   119.7   146.5   339.6   414.3   460.1   497.7   547.0   622.1   746.8  2032.0  6450.2 29738.6  92062.3    91970
read      412.2   551.3    68.9   115.8   139.6   334.5   413.6   462.3   502.3   556.4   636.6   790.6  2431.9  5953.4 20335.6  79633.2    79658
read      416.5   591.9    68.9   111.2   131.8   329.1   413.8   464.3   505.4   561.3   639.6   870.1  2168.1  6529.6 29674.2  59185.7    59230
read      416.6   572.9    68.9   115.9   140.0   336.4   416.5   465.7   505.9   559.7   638.9   790.3  2523.5  6439.5 23746.9  78090.0    78081
read      411.5   557.4    68.9   111.3   132.0   325.8   408.8   460.1   501.0   554.5   633.9   830.6  2240.1  5861.8 25357.3  64206.4    64242
read      524.4   783.7    68.9   107.4   126.5   322.6   439.6   572.5   823.1  1086.9  1265.5  1457.7  1965.1  8547.0 31583.9  37712.7    37702
read      525.6   814.5    68.9   106.9   126.1   319.9   425.6   532.0   691.9  1100.5  1322.9  1538.6  2049.4  8309.9 31631.9  40705.0    40686
read      554.7  1071.3    68.9   107.8   126.8   331.8   483.6   676.6   893.0  1036.2  1163.2  1337.5  2435.5 14747.3 32472.3  30433.8    30376
read      526.4   730.5    68.9   109.0   128.0   323.9   438.3   571.8   824.1  1098.0  1285.6  1491.5  1994.4  8002.4 29901.8  38433.9    38416
read      422.1   600.3    68.9   112.3   134.1   327.9   412.2   462.7   504.2   560.1   640.7   867.7  2400.0  6068.0 28349.9  65704.2    65892
read      529.6   839.9    68.9   107.6   126.7   320.8   431.0   546.9   748.2  1087.7  1289.5  1495.8  2159.1  9066.7 31638.8  39623.6    39560
read      665.4  2057.0    68.9   115.0   143.3   380.5   509.8   573.3   615.9   663.5   727.4   870.4  8499.4 31784.6 37673.6  10112.8    10016
read      488.1   685.8    68.9   104.3   122.1   294.0   382.6   446.4   508.4   616.6  1476.9  1913.7  2406.4  5672.3 20285.0  55221.0    55224
read      560.7  1227.8    68.9   108.0   128.8   354.4   544.4   704.8   787.3   865.2   955.2  1088.9  3781.7 15121.8 36701.6  19938.7    19982
read      478.0   600.7    68.9   107.7   125.1   297.7   399.5   496.9   615.5   964.4  1277.0  1534.0  1921.4  4697.1 16007.0  48057.7    48114
read      488.7   614.5    63.8   108.1   126.0   311.6   448.3   593.1   818.3  1008.5  1153.2  1330.2  1659.5  7190.4 24269.4  36291.3    36283
read      527.6   894.1    68.9   106.4   125.8   334.3   517.8   720.1   826.5   917.4  1011.9  1152.7  2885.8  8832.7 32360.7  23325.9    23315
read      581.9  1640.8    63.8   111.1   136.4   368.0   509.0   576.8   618.9   666.0   727.1   861.7  5912.8 30619.1 37245.5  11144.9    11150
read      474.7   627.2    68.9   134.7   176.8   392.8   469.8   519.2   560.1   624.2   736.9   957.0  2012.7  7587.0 28747.1  98717.1    98724
read      437.1   620.7    68.9   105.8   125.4   314.2   399.4   454.8   501.3   566.5   680.9  1563.1  2280.1  6555.7 23905.3  57001.1    56880
read      562.1  1462.1    68.9   109.4   132.8   370.0   532.9   621.6   671.6   724.9   791.0   914.8  5282.6 30600.4 37765.2  13469.6    13467
read      414.6   556.2    68.9   124.4   155.9   351.9   424.5   469.1   506.6   560.6   642.2   779.2  1812.9  6449.0 27719.5  99319.1    99368
read      507.2   745.4    68.9   106.5   125.3   311.5   408.1   493.3   587.3   965.1  1372.5  1636.5  2115.6  8104.8 28045.4  46277.8    46206
read      422.9   614.9    68.9   112.0   134.2   330.2   411.9   462.8   504.4   561.9   643.0   847.3  2500.6  7063.5 26709.0  71707.0    71651
read      525.3   894.7    68.9   107.6   127.5   344.5   524.7   710.5   816.6   907.1  1002.0  1133.5  2410.8 11089.0 32402.9  22712.8    22741
read      474.8   739.8    68.9   105.6   124.7   304.3   393.0   453.8   507.5   588.0   865.0  1863.9  2449.6  6718.5 29153.8  56617.8    56654
read      939.3  1337.0    68.9   286.4   360.8   559.7   908.5  1045.1  1237.4  1611.5  1976.7  2348.5  3744.4 20704.6 36821.9  99412.3    99570
read      588.5  1690.6    68.9   118.0   155.5   397.3   498.9   565.9   638.6   755.7   889.1  1057.7  3585.0 31200.8 37781.6  23117.6    23047
read      434.6   691.6    68.9   112.3   134.7   331.9   413.5   464.9   507.7   567.1   652.2   908.3  2603.5  7011.7 31317.5  70044.1    70008
read      527.0   866.4    68.9   105.1   123.5   315.3   415.1   508.8   626.8  1075.7  1369.0  1610.6  2155.0 10163.8 32408.1  42927.6    42943
read      512.4   839.1    68.9   101.9   118.4   300.6   390.9   462.2   534.0   715.3  1497.1  1781.9  2299.5 10330.4 30261.1  46816.6    46704
read      458.8   695.7    68.9   115.9   141.7   347.7   425.5   479.3   527.7   592.8   695.2  1229.9  2659.1  8063.4 30749.4  75884.2    75970
read      535.6  1021.4    68.9   106.9   127.6   343.4   523.1   710.0   810.5   896.8   987.3  1113.4  2952.0 12456.7 32320.9  22003.8    21917
read      462.1   741.2    68.9   118.6   146.6   355.7   432.6   486.1   533.6   601.2   707.6  1066.8  2572.9  8587.0 31427.8  81863.4    82027
read      416.3   606.5    68.9   116.0   140.6   338.8   420.0   468.5   508.1   561.4   639.2   787.4  2462.4  6717.1 29687.0  81494.6    81583
read      563.5  1386.3    68.9   110.0   134.0   373.1   536.9   629.7   683.7   740.7   809.6   938.3  5052.6 28191.6 36640.6  14221.4    14259
read      566.6  1756.7    68.9   119.2   153.1   350.3   446.9   497.4   530.8   568.5   619.6   737.2  5895.7 31156.8 43386.5   7789.3     7821
read      547.0  1195.1    68.9   108.4   131.0   362.2   545.6   677.2   744.8   812.1   894.0  1018.0  4156.9 18789.0 36115.2  17720.7    17727
read      424.1   587.1    68.9   111.5   133.0   328.8   413.4   465.5   508.0   566.7   650.6   895.9  2414.9  5941.7 25699.3  65624.6    65559
read      531.0   849.4    68.9   106.4   125.9   320.4   425.0   523.4   647.9  1089.0  1352.9  1584.0  2132.0  9795.4 31496.5  41049.7    41133
read      538.3   841.1    68.9   107.6   128.1   339.0   495.8   691.2   885.1  1021.7  1140.4  1291.8  2192.6  8973.9 31988.5  28672.8    28693
read      492.0   746.8    68.9   100.5   117.0   291.6   378.4   440.6   501.7   602.0  1549.5  1908.4  2373.4  7285.1 30077.5  53134.6    53141
read      450.8   682.9    68.9   106.9   126.0   315.9   404.4   461.7   509.9   579.1   711.3  1658.1  2287.2  7557.3 29899.4  54513.2    54512
read      567.8  1451.0    68.9   108.6   131.9   368.9   537.1   638.3   693.2   749.8   820.0   941.0  5469.0 30236.6 36098.2  14849.3    14835
read      454.0   528.8    68.9   130.8   167.7   380.9   458.4   502.2   540.0   600.4   709.7   922.1  2007.0  5574.7 17458.6  98435.0    98446
read      522.3   816.3    68.9   105.4   124.3   318.9   424.9   526.5   677.2  1096.4  1304.7  1504.6  2013.4  9477.7 31293.9  38150.9    38117
read      427.8   701.2    68.9   114.5   138.1   336.3   412.9   462.7   504.8   562.8   647.6   807.3  2652.4  8455.8 31357.0  78037.7    77994
read      533.0   883.1    68.9   106.5   126.2   332.2   472.9   640.9   869.9  1025.0  1151.1  1308.0  1982.9 10461.2 31735.9  30231.1    30209
read      425.2   567.7    63.8   113.0   135.0   332.3   416.9   467.6   510.9   568.8   650.1   875.8  2503.5  5642.8 20317.8  68406.6    68315
read      399.7   547.2    68.9   118.5   144.7   338.1   413.7   460.2   497.5   546.9   621.3   741.3  1938.0  6498.5 27902.4  91878.0    91940
read      498.1   746.2    68.9   103.4   120.6   300.7   393.5   464.0   535.2   691.0  1464.8  1789.8  2258.0  7850.1 29449.4  49282.3    49308
read      507.4   809.3    68.9   101.9   118.3   301.8   392.4   461.9   532.5   694.9  1504.4  1782.5  2247.9  8984.6 31259.2  46778.5    46880
read      424.4   612.7    68.9   121.2   150.2   351.3   427.4   472.4   510.6   565.2   648.8   802.1  2118.4  7253.6 30234.1  92638.4    92540
read      498.6   763.4    68.9   102.2   118.7   298.6   389.1   454.9   519.3   638.4  1513.5  1836.6  2338.8  8050.0 30270.1  49489.7    49396
read      436.6   624.0    68.9   125.5   158.2   365.5   439.2   486.0   525.1   579.3   668.5   833.9  1991.0  7263.3 30582.8  97776.4    97841
read      531.0   863.8    68.9   106.7   126.7   328.8   445.9   560.6   761.7  1071.5  1245.2  1438.0  2107.4  9411.3 31824.3  35398.4    35404
read      441.1   667.0    68.9   116.2   141.5   342.2   420.0   471.2   516.0   577.6   668.5   910.5  2679.0  7291.0 30174.8  80388.2    80451
read      419.8   665.9    68.9   119.8   146.6   344.5   424.6   471.9   511.4   564.5   640.7   776.5  2342.8  8234.8 31073.2  87205.7    87228
read      413.8   604.0    68.9   114.7   137.2   331.9   412.0   461.4   501.6   555.2   633.6   780.3  2536.1  6444.6 30134.9  75514.4    75554
read      416.3   525.4    68.9   111.2   131.6   331.8   418.5   469.8   513.7   570.4   651.4   909.8  2131.4  5772.3 19834.0  57922.8    57964
read      409.9   618.1    68.9   115.5   140.1   336.0   412.3   459.9   498.8   549.6   627.5   755.4  2577.8  6575.9 30289.5  83582.0    83546
read      468.6   670.0    68.9   106.4   125.1   307.6   398.0   460.0   517.1   605.4   970.0  1763.9  2322.1  6565.4 28311.4  55511.1    55468
read      549.9   991.7    68.9   105.9   124.9   326.1   445.0   566.4   807.5  1115.4  1279.8  1468.8  2275.4 10882.9 32232.7  34220.4    34203
read      518.1   827.0    68.9   102.2   118.6   308.4   405.9   495.8   600.6  1167.8  1388.0  1581.9  2027.9  8766.8 31623.0  37581.1    37629
read      543.9   942.0    68.9   105.8   124.8   326.2   446.4   569.4   806.1  1110.0  1277.5  1469.4  2189.4 10014.3 32192.1  34476.6    34577
read      510.8   847.8    68.9   101.4   117.6   298.1   388.4   455.8   525.1   678.5  1535.8  1815.9  2315.4 10182.1 30885.6  47408.0    47426
read      483.1   757.1    68.9   103.2   121.1   290.6   375.8   433.5   489.1   570.7  1326.1  2000.5  2516.4  7542.9 28423.1  58893.6    58845
read      413.8   546.4    68.9   111.6   132.7   329.0   413.7   464.0   504.7   559.4   637.1   815.3  2403.9  5118.3 20207.2  66900.8    66993
read      579.7  1608.0    68.9   114.5   141.6   376.7   510.6   581.0   624.2   672.0   732.3   849.7  6085.7 30819.1 37359.4  10926.7    10977
read      499.8   767.2    68.9   102.2   119.2   296.2   386.4   452.8   519.4   647.0  1524.1  1864.7  2322.1  7923.9 30611.9  51513.8    51529
read      511.5   855.9    68.9   101.4   117.8   299.5   389.7   455.7   522.9   657.0  1555.1  1845.6  2337.8  9205.2 31821.7  48287.1    48344
read      570.5  1906.2    74.4   127.9   173.2   334.5   411.7   451.3   479.1   513.5   561.9   686.0  6418.3 31491.0 43521.2   5888.0     5902
read      443.0   688.6    68.9   113.4   136.4   336.6   419.1   471.9   518.4   580.0   669.7   982.4  2648.6  8110.2 31032.0  71552.2    71602
read      519.3   865.3    63.8   102.4   119.3   310.5   402.9   481.9   567.9  1002.8  1436.5  1675.9  2148.4  9425.0 31486.5  41845.1    41886
read      490.9   728.8    63.8   102.4   117.8   290.1   383.5   452.7   526.1   687.5  1496.6  1773.3  2194.9  7654.8 28491.5  47461.5    47456
read      453.6   700.4    68.9   125.7   158.7   373.7   449.2   496.8   536.8   592.4   687.2   863.7  2084.8  9344.7 31128.9  93920.4    93939
read      615.2  1498.1    68.9   110.7   134.7   386.3   565.0   698.4   767.2   837.2   922.2  1069.0  5915.3 30411.6 38835.5  16852.0    16890
read      542.2   972.0    68.9   104.0   121.8   314.0   407.4   484.0   563.2   812.7  1534.5  1826.2  2444.5 10907.8 31900.6  45733.1    45689
read      546.5   950.7    68.9   102.5   119.4   325.0   435.1   545.6   742.9  1173.8  1335.1  1510.8  2080.0 11542.7 31980.4  32832.3    32790
read      529.6   961.0    63.8   102.3   118.8   308.0   399.9   470.0   546.3   787.0  1537.0  1785.1  2227.0 11645.1 35129.6  43968.6    44044
read      554.2  1009.5    68.9   103.0   120.5   332.7   466.5   612.4   935.1  1101.1  1225.3  1377.5  2349.5 12073.3 32493.1  28161.3    28149
read      533.9   930.5    68.9   101.6   118.2   312.5   404.9   486.9   581.5  1203.5  1477.1  1684.7  2094.9 10681.9 32323.6  39746.6    39739
read      441.8   654.7    68.9   114.4   138.0   343.8   426.5   477.4   520.4   578.3   665.6   878.1  2707.6  7515.4 30333.1  72569.6    72475
read      425.1   670.5    68.9   123.1   154.3   358.3   436.1   483.8   521.2   571.8   646.1   779.5  1824.8  7547.6 31407.2  93858.3    93882
read      622.0  2074.4    74.4   127.3   169.8   354.8   442.4   488.9   521.7   558.4   608.3   739.5  7266.5 32178.2 38068.7   6694.6     6692
read      514.0   806.6    68.9   102.8   120.0   305.0   396.8   462.6   527.3   648.4  1601.2  1926.8  2416.1  8166.4 30210.6  50294.9    50406
read      448.9   721.0    68.9   117.8   145.8   356.3   435.6   487.1   529.9   586.9   671.7   848.3  2755.6  8178.6 31455.8  83008.7    83055
read      499.4   825.8    68.9   104.5   123.3   306.4   395.9   455.7   511.6   602.0  1333.1  1973.5  2508.1  9221.8 31246.8  55586.8    55609
read      617.7  1531.3    68.9   108.6   131.9   377.7   565.8   713.6   786.1   857.6   940.1  1081.0  5956.7 30628.1 37559.6  16897.2    16968
read      539.6   966.9    68.9   103.5   121.2   315.1   407.1   483.4   567.5   967.0  1526.9  1770.2  2298.2 11427.1 32455.1  43123.6    43031
read      596.2  1409.9    68.9   106.0   126.0   367.3   548.8   730.8   811.0   885.6   969.1  1091.3  5507.4 28079.6 41291.2  17242.4    17236
read      444.8   734.9    68.9   117.9   144.6   353.4   432.4   483.1   523.4   579.7   665.1   830.0  2756.3  8017.4 31672.9  82108.5    82183
read      540.5   967.1    68.9   103.1   120.2   318.7   412.7   487.2   569.5   863.5  1512.5  1756.1  2294.6 11580.1 32215.3  42180.8    42212
read      616.5  1729.1    68.9   111.7   137.9   386.9   548.4   630.5   677.9   729.4   794.6   925.6  6222.9 31255.5 39104.4  12230.2    12244
read      439.6   616.5    68.9   112.5   134.8   343.7   434.0   487.2   530.6   587.5   671.5   922.6  2481.6  6085.7 29257.0  61769.5    61777
read      547.6   971.4    68.9   103.8   121.2   324.8   423.3   511.9   619.6  1193.8  1435.8  1639.4  2157.0 12378.9 32057.1  37030.3    36984
read      558.5   978.9    68.9   102.5   119.2   331.7   453.5   583.3   954.0  1155.2  1285.9  1452.4  2432.3 11141.4 31998.2  29123.0    29093
read      537.6   920.0    68.9   102.0   119.0   315.9   407.9   484.6   571.0  1105.6  1517.7  1747.1  2273.8 10900.9 31944.2  41611.7    41715
read      545.4   941.2    68.9   102.4   118.8   323.8   424.1   523.3   666.9  1230.6  1417.1  1594.8  2028.1 12218.1 32212.1  34846.6    34838
read      439.0   611.4    68.9   112.0   134.0   338.4   427.3   478.7   521.1   577.6   661.4   929.6  2549.4  6299.1 28252.3  63700.4    63574
read      560.3  1025.9    68.9   105.0   124.4   347.5   499.8   683.2   894.5  1023.3  1135.8  1282.2  2962.5 12044.4 32316.7  24373.8    24401
read      555.3  1024.6    68.9   102.6   119.4   325.9   436.3   552.3   785.1  1177.5  1336.6  1507.4  2291.0 11343.2 35997.6  32006.9    32025
read      388.3   420.5    63.8   118.4   144.6   329.7   410.8   461.9   502.3   553.2   625.5   748.0  1740.1  4063.6 12466.1  99050.5    98971
read      367.8   297.5    63.8   111.1   131.0   335.2   418.4   472.7   510.9   551.8   602.5   692.3  1067.2  2534.4 11687.0  23614.2    23657
read      377.3   377.2    63.8   110.3   130.8   319.7   405.7   458.4   498.5   547.0   615.0   734.9  1914.4  3047.9 11514.9  68019.6    67877
read      380.2   348.3    63.8   110.3   130.4   328.3   415.2   467.7   508.6   558.9   624.6   752.3  1692.2  2474.5  8805.4  53914.1    53849
read      374.1   382.3    63.8   112.0   133.4   317.6   401.2   453.1   493.4   542.2   608.6   725.8  1876.8  3718.5  9830.4  79564.6    79536
read      366.4   365.8    63.8   114.4   137.8   342.3   418.1   462.1   494.5   531.2   576.3   649.3   908.6  3947.7 14941.8  17110.4    17081
read      381.7   326.9    63.8   112.3   133.4   342.1   423.6   475.7   520.7   571.9   633.9   747.5  1409.6  2356.5 11271.9  38981.2    39024
read      379.1   311.9    63.8   112.5   133.4   344.1   429.7   487.6   529.2   573.2   627.1   730.2  1134.1  2985.8 11401.0  26149.9    26125
read      378.0   340.5    63.8   110.9   131.0   338.7   417.8   471.8   517.2   566.8   626.5   744.1  1294.3  3021.1 12451.4  33310.3    33388
read      362.4   285.8    63.8   110.8   130.8   335.2   414.3   462.3   498.6   539.0   587.3   677.0   999.1  2876.2 11959.6  20992.2    20979
read      368.9   432.7    63.8   115.5   139.1   318.3   398.0   447.4   486.0   535.0   599.2   705.5  1059.1  4248.3 15790.8  95750.6    95865
read      376.8   370.7    63.8   111.1   131.6   317.5   403.7   456.6   498.0   547.5   614.8   735.2  2028.8  3416.8  9511.2  73906.9    73949
read      378.7   347.8    63.8   110.1   130.3   323.5   412.1   464.2   504.9   555.1   622.3   746.3  1799.4  2771.8  8378.8  60957.4    60987
read      381.3   356.5    63.8   110.6   130.7   329.3   416.9   468.0   509.3   560.5   627.0   753.6  1711.5  2546.0  8633.4  54204.4    54175

Total QPS = 49636.9 (74455368 / 1500.0s)

Total connections = 64
Misses = 0 (0.0%)
Skipped TXs = 0 (0.0%)

RX 18390476390 bytes :   11.7 MB/s
TX          0 bytes :    0.0 MB/s
Warning! Detected max cpu usage > 95%
CPU Usage Stats (avg/min/max): 99.95%,49.75%,100.00%

