1621378411.0192633	1.0	1.0	3.1	4.2
1621378411.1754181	6.2
1621378412.5052364	26.8	26.0	18.9	20.1
1621378412.6613839	20.0
1621378413.6672044	93.0	4.3	1.8	3.9
1621378413.8240032	13.3
1621378414.8295784	63.2	5.2	21.6	6.6
1621378414.9858606	13.3
1621378415.991271	2.6	2.7	99.1	2.9
1621378416.1485271	13.3
1621378417.153868	5.2	5.2	100.0	7.5
1621378417.310346	13.3
1621378418.3164911	4.6	4.3	100.0	5.8
1621378418.4731991	20.0
1621378419.4796498	44.3	5.6	66.1	75.9
1621378419.6374958	73.3
1621378420.6437044	4.4	6.4	100.0	81.1
1621378420.802558	73.3
1621378421.809908	63.8	6.5	43.2	81.4
1621378421.9688365	73.3
1621378422.9755425	72.8	11.4	35.7	81.6
1621378423.1346931	80.0
1621378424.141917	100.0	7.3	5.5	82.3
1621378424.3006692	80.0
1621378425.3070889	38.5	9.9	72.8	81.9
1621378425.4652717	68.8
1621378426.4716308	36.8	11.6	71.9	81.8
1621378426.6302602	73.3
1621378427.6360602	42.2	8.3	68.7	81.1
1621378427.7946594	86.7
1621378428.8008685	20.0	7.4	85.2	86.7
1621378428.9597926	106.7
1621378430.027994	85.2	13.3	76.1	77.6
1621378430.1879013	120.0
1621378431.195174	100.0	10.4	71.2	71.5
1621378431.3533778	120.0
1621378432.360056	85.5	74.6	70.7	73.8
1621378432.5182176	120.0
1621378433.523956	100.0	100.0	70.3	75.0
1621378433.681792	120.0
1621378434.6886125	100.0	100.0	71.5	74.0
1621378434.8463726	120.0
1621378435.8535192	100.0	100.0	69.9	74.1
1621378436.0118833	120.0
1621378437.0189526	100.0	100.0	72.2	72.5
1621378437.1781092	120.0
1621378438.1839733	100.0	100.0	71.0	75.0
1621378438.3422	120.0
1621378439.3479655	100.0	100.0	58.3	59.4
1621378439.5053813	43.8
1621378440.561964	100.0	100.0	89.8	64.8
1621378440.7193549	53.3
1621378441.7254608	100.0	100.0	100.0	66.1
1621378441.8828733	40.0
1621378442.8891358	100.0	100.0	100.0	65.9
1621378443.0469887	46.7
1621378444.0520053	100.0	100.0	100.0	66.1
1621378444.2097275	46.7
1621378445.2159607	100.0	100.0	100.0	67.4
1621378445.3730376	46.7
1621378446.379099	100.0	100.0	100.0	65.9
1621378446.5361629	40.0
1621378447.540983	100.0	100.0	100.0	68.2
1621378447.6984813	40.0
1621378448.7044983	100.0	100.0	100.0	68.6
1621378448.8648746	66.7
1621378449.8703914	100.0	100.0	100.0	76.5
1621378450.0276127	60.0
1621378451.033321	100.0	100.0	100.0	75.8
1621378451.190538	66.7
1621378452.1960294	100.0	100.0	100.0	74.3
1621378452.35313	60.0
1621378453.357954	100.0	100.0	100.0	74.5
1621378453.5152898	56.2
1621378454.5210302	100.0	100.0	100.0	73.0
1621378454.6780407	66.7
1621378455.6840127	100.0	100.0	100.0	74.4
1621378455.8414962	60.0
1621378456.847515	100.0	100.0	100.0	72.3
1621378457.0050302	62.5
1621378458.011318	100.0	100.0	100.0	73.1
1621378458.1685636	60.0
1621378459.1739776	100.0	100.0	100.0	66.5
1621378459.331312	40.0
1621378460.3371806	100.0	100.0	100.0	62.7
1621378460.4942768	40.0
1621378461.500294	100.0	100.0	100.0	63.2
1621378461.657401	46.7
1621378462.6622996	100.0	100.0	100.0	63.4
1621378462.8195224	40.0
1621378463.825109	100.0	100.0	100.0	62.5
1621378463.9822485	40.0
1621378464.9881387	100.0	100.0	100.0	63.9
1621378465.1453834	37.5
1621378466.1512637	100.0	100.0	100.0	63.0
1621378466.3086782	33.3
1621378467.3143055	100.0	100.0	100.0	63.9
1621378467.4715028	40.0
1621378468.4767365	100.0	100.0	100.0	63.9
1621378468.633695	100.0
1621378469.7321138	100.0	100.0	89.1	92.5
1621378469.8903852	153.3
1621378470.8972516	100.0	100.0	83.2	84.4
1621378471.056042	153.3
1621378472.0622625	100.0	100.0	84.0	84.0
1621378472.2207875	160.0
1621378473.2271807	100.0	100.0	82.7	85.9
1621378473.3851511	150.0
1621378474.391927	100.0	100.0	82.8	86.6
1621378474.5506601	166.7
1621378475.5587687	100.0	100.0	86.3	89.0
1621378475.7442534	186.7
1621378476.7706702	100.0	100.0	100.0	100.0
1621378476.948543	160.0
1621378477.9667695	100.0	100.0	100.0	100.0
1621378478.1381881	200.0
1621378479.1719165	100.0	100.0	100.0	100.0
1621378479.3458407	193.3
1621378480.3713193	100.0	100.0	100.0	100.0
1621378480.5558012	200.0
1621378481.583463	100.0	100.0	100.0	100.0
1621378481.7707744	200.0
1621378482.7900145	100.0	100.0	100.0	100.0
1621378482.9507565	200.0
1621378483.9585216	100.0	100.0	100.0	100.0
1621378484.1187189	193.3
1621378485.1241183	100.0	100.0	100.0	100.0
1621378485.284852	193.3
1621378486.2909865	100.0	100.0	77.9	100.0
1621378486.4497712	140.0
1621378487.4559572	100.0	100.0	65.8	66.7
1621378487.6141877	86.7
1621378488.67428	100.0	100.0	91.4	81.2
1621378488.8331883	80.0
1621378489.8397658	100.0	100.0	100.0	86.5
1621378489.9970849	80.0
1621378491.0041718	100.0	100.0	100.0	84.7
1621378491.1626954	86.7
1621378492.1697311	100.0	100.0	100.0	85.4
1621378492.3285906	80.0
1621378493.3353853	100.0	100.0	100.0	87.3
1621378493.4937906	80.0
1621378494.499461	100.0	100.0	100.0	85.3
1621378494.6581686	80.0
1621378495.665074	100.0	100.0	100.0	86.0
1621378495.823601	80.0
1621378496.8302336	100.0	100.0	100.0	85.9
1621378496.9891331	86.7
1621378497.9959872	100.0	100.0	100.0	86.0
1621378498.154219	80.0
1621378499.1613917	100.0	100.0	100.0	72.2
1621378499.3183253	46.7
1621378500.3241966	100.0	100.0	100.0	65.9
1621378500.481038	46.7
1621378501.4873078	100.0	100.0	100.0	65.9
1621378501.644705	40.0
1621378502.6503074	100.0	100.0	100.0	65.9
1621378502.8077815	40.0
1621378503.814399	100.0	100.0	100.0	65.9
1621378503.9769385	46.7
1621378504.9828455	100.0	100.0	100.0	66.1
1621378505.1408658	46.7
1621378506.146622	100.0	100.0	100.0	66.9
1621378506.3039832	46.7
1621378507.309921	100.0	100.0	100.0	67.1
1621378507.4672298	46.7
1621378508.4719386	100.0	100.0	100.0	65.2
1621378508.6289103	20.0
1621378509.6340537	100.0	100.0	100.0	57.8
1621378509.791617	33.3
1621378510.7968745	100.0	100.0	100.0	58.2
1621378510.954513	26.7
1621378511.9610443	100.0	100.0	100.0	57.1
1621378512.118549	26.7
1621378513.1242473	100.0	100.0	100.0	57.9
1621378513.2820554	26.7
1621378514.2879295	100.0	100.0	100.0	57.4
1621378514.4452646	31.2
1621378515.4513705	100.0	100.0	100.0	58.3
1621378515.6088965	26.7
1621378516.6145911	100.0	100.0	100.0	59.5
1621378516.7721605	26.7
1621378517.7786725	100.0	100.0	100.0	58.0
1621378517.936137	20.0
1621378518.9419482	100.0	100.0	100.0	70.6
1621378519.1009593	93.3
1621378520.222149	100.0	100.0	81.7	87.1
1621378520.3804514	133.3
1621378521.3872569	100.0	100.0	74.8	77.0
1621378521.5459042	125.0
1621378522.5519695	100.0	100.0	75.0	79.1
1621378522.7093449	140.0
1621378523.7153785	100.0	100.0	75.5	78.8
1621378523.873776	133.3
1621378524.880009	100.0	100.0	74.8	77.7
1621378525.0374794	140.0
1621378526.0439782	100.0	100.0	77.4	79.4
1621378526.2030394	133.3
1621378527.2091832	100.0	100.0	77.0	80.0
1621378527.367889	140.0
1621378528.373938	100.0	100.0	74.8	79.7
1621378528.5323734	140.0
1621378529.5380368	100.0	100.0	79.7	80.3
1621378529.6972032	153.3
1621378530.702787	100.0	100.0	78.7	80.7
1621378530.8610961	153.3
1621378531.8680105	100.0	100.0	80.0	84.4
1621378532.0261536	140.0
1621378533.03198	100.0	100.0	80.6	83.2
1621378533.1898038	153.3
1621378534.1959667	100.0	100.0	79.4	83.5
1621378534.3538992	146.7
1621378535.3600404	100.0	100.0	80.6	83.3
1621378535.5179193	153.3
1621378536.5239575	100.0	100.0	80.4	83.5
1621378536.6827912	146.7
1621378537.689395	100.0	100.0	81.6	83.6
1621378537.848715	153.3
1621378538.8553932	100.0	100.0	72.5	74.8
1621378539.0140116	73.3
1621378540.1026187	100.0	100.0	90.9	79.0
1621378540.2729533	100.0
1621378541.3960397	100.0	100.0	68.6	68.2
1621378541.5539713	86.7
1621378542.6181657	100.0	100.0	90.7	77.8
1621378542.77556	75.0
1621378543.7820594	100.0	100.0	100.0	79.3
1621378543.9397583	73.3
1621378544.9462428	100.0	100.0	100.0	79.6
1621378545.1042702	66.7
1621378546.1095417	100.0	100.0	100.0	80.1
1621378546.268651	73.3
1621378547.274631	100.0	100.0	100.0	80.0
1621378547.431899	73.3
1621378548.4390702	100.0	100.0	100.0	79.5
1621378548.597394	46.7
1621378549.6029766	100.0	100.0	100.0	65.2
1621378549.7603564	40.0
1621378550.7665431	100.0	100.0	64.9	65.0
1621378550.9244232	40.0
1621378551.9309747	100.0	100.0	7.1	65.5
1621378552.0890918	40.0
1621378553.0953488	100.0	100.0	8.7	64.8
1621378553.2533214	46.7
1621378554.2594814	100.0	100.0	4.5	64.8
1621378554.417394	40.0
1621378555.4237697	100.0	100.0	7.9	65.2
1621378555.5813253	46.7
1621378556.587951	100.0	100.0	8.0	64.8
1621378556.7459733	43.8
1621378557.7520332	25.9	100.0	84.3	65.4
1621378557.9095283	46.7
1621378558.9157183	100.0	100.0	4.5	64.2
1621378559.0738187	40.0
1621378560.079814	97.5	15.7	5.3	64.8
1621378560.2367582	46.7
1621378561.240976	100.0	9.5	3.6	64.0
1621378561.398609	40.0
1621378562.4048874	100.0	5.3	4.4	64.1
1621378562.5620503	46.7
1621378563.5684357	100.0	9.4	4.4	64.6
1621378563.7256937	37.5
1621378564.7316287	6.8	2.8	98.3	64.6
1621378564.8898833	46.7
1621378565.8960347	8.6	8.0	100.0	66.1
1621378566.0586162	73.3
1621378567.0680487	20.2	12.5	88.0	75.6
1621378567.2270942	46.7
1621378568.2341826	81.6	27.4	27.9	84.7
1621378568.3960497	93.8
1621378571.3234127	27.1	28.5	52.3	59.1
1621378571.481381	46.7
1621378572.542078	96.7	70.7	72.7	64.2
1621378572.6998208	33.3
1621378573.705754	100.0	100.0	100.0	63.2
1621378573.8634725	33.3
1621378574.8692229	100.0	100.0	100.0	62.0
1621378575.0263453	40.0
1621378576.031956	100.0	100.0	100.0	63.9
1621378576.1891067	40.0
1621378577.1954198	100.0	100.0	100.0	63.5
1621378577.3527052	33.3
1621378578.3591106	100.0	100.0	100.0	63.0
1621378578.5161905	46.7
1621378579.5221736	98.3	100.0	100.0	70.9
1621378579.6797225	53.3
1621378580.684981	100.0	100.0	100.0	70.3
1621378580.8422763	60.0
1621378581.847948	100.0	100.0	100.0	70.3
1621378582.005029	56.2
1621378583.0115645	100.0	100.0	100.0	71.6
1621378583.1686974	60.0
1621378584.1752222	100.0	100.0	100.0	69.9
1621378584.3330946	53.3
1621378585.3384328	100.0	100.0	100.0	79.1
1621378585.4979174	100.0
1621378586.561561	100.0	100.0	63.6	62.7
1621378586.7193553	66.7
1621378587.779951	100.0	100.0	90.8	69.5
1621378587.937355	53.3
1621378588.9423447	100.0	100.0	100.0	64.8
1621378589.0997257	26.7
1621378590.1052296	100.0	100.0	100.0	57.6
1621378590.2625074	26.7
1621378591.2689984	100.0	99.1	100.0	57.7
1621378591.4262416	26.7
1621378592.4320545	100.0	100.0	100.0	57.5
1621378592.5896344	26.7
1621378593.5958474	100.0	100.0	100.0	58.8
1621378593.753367	26.7
1621378594.7583265	100.0	100.0	100.0	57.1
1621378594.915813	26.7
1621378595.921262	100.0	100.0	100.0	58.7
1621378596.0785363	26.7
1621378597.0850904	100.0	100.0	100.0	58.3
1621378597.2422795	26.7
1621378598.2479565	100.0	100.0	100.0	57.9
1621378598.4050176	26.7
1621378599.4102237	100.0	100.0	100.0	89.2
1621378599.5681565	106.7
1621378600.6480236	100.0	100.0	85.2	88.7
1621378600.8070729	140.0
1621378601.8137813	100.0	100.0	75.5	77.9
1621378601.9731941	133.3
1621378602.9799201	100.0	100.0	75.9	77.8
1621378603.139609	140.0
1621378604.1451392	100.0	100.0	76.3	76.3
1621378604.3037457	133.3
1621378605.3095713	100.0	100.0	74.1	76.3
1621378605.4678605	133.3
1621378606.4749498	100.0	100.0	78.0	81.5
1621378606.6340106	126.7
1621378607.640117	100.0	100.0	76.1	77.0
1621378607.7972765	140.0
1621378608.8031168	100.0	100.0	70.7	73.1
1621378608.960684	93.3
1621378609.9672105	100.0	100.0	63.9	66.5
1621378610.12616	93.3
1621378611.1329565	100.0	100.0	64.4	63.5
1621378611.2909563	100.0
1621378612.2973704	99.1	100.0	63.6	65.0
1621378612.4553132	86.7
1621378613.5185924	100.0	100.0	92.2	82.6
1621378613.676452	80.0
1621378614.682572	100.0	100.0	100.0	86.6
1621378614.8414905	80.0
1621378615.8479195	100.0	100.0	100.0	86.5
1621378616.0072792	80.0
1621378617.014247	100.0	100.0	100.0	87.2
1621378617.1731994	80.0
1621378618.1799867	100.0	100.0	100.0	88.0
1621378618.3386374	80.0
1621378619.3440456	100.0	100.0	100.0	96.7
1621378619.5034294	100.0
1621378620.5915616	100.0	100.0	87.3	92.2
1621378620.750973	140.0
1621378621.7586808	100.0	100.0	77.1	79.9
1621378621.9170654	140.0
1621378622.9231224	100.0	100.0	76.1	77.9
1621378623.0817466	133.3
1621378624.0876272	100.0	100.0	79.7	79.6
1621378624.246246	146.7
1621378625.251947	100.0	100.0	78.6	79.7
1621378625.409692	133.3
1621378626.4158282	100.0	100.0	77.0	79.4
1621378626.5749788	140.0
1621378627.5816896	100.0	100.0	77.7	80.5
1621378627.7403266	140.0
1621378628.7473342	100.0	100.0	77.1	76.1
1621378628.906214	126.7
1621378629.9129553	100.0	100.0	71.9	73.2
1621378630.0712407	133.3
1621378631.0769472	100.0	100.0	73.1	74.5
1621378631.2359116	118.8
1621378632.2427485	100.0	100.0	72.4	73.8
1621378632.401691	133.3
1621378633.408003	100.0	100.0	72.4	75.5
1621378633.5661485	126.7
1621378634.573235	100.0	100.0	70.8	73.6
1621378634.7307625	133.3
1621378635.736892	100.0	100.0	71.8	73.2
1621378635.89609	126.7
1621378636.9022539	100.0	100.0	72.5	74.8
1621378637.0606253	126.7
1621378638.06713	100.0	100.0	72.1	73.2
1621378638.2253811	113.3
1621378639.2315822	100.0	100.0	40.4	41.7
1621378639.3889902	20.0
1621378640.4439325	100.0	100.0	87.8	50.8
1621378640.6012192	20.0
1621378641.6061723	100.0	100.0	100.0	54.3
1621378641.7633023	26.7
1621378642.7686465	100.0	100.0	100.0	53.8
1621378642.926007	20.0
1621378643.9316618	100.0	100.0	100.0	55.1
1621378644.0888438	20.0
1621378645.0952604	100.0	100.0	100.0	55.1
1621378645.2524855	20.0
1621378646.258398	100.0	100.0	100.0	53.4
1621378646.4158883	26.7
1621378647.4216406	100.0	100.0	100.0	54.2
1621378647.5795267	20.0
1621378648.5848868	100.0	100.0	100.0	57.1
1621378648.743906	86.7
1621378649.7506454	100.0	100.0	100.0	85.5
1621378649.90891	73.3
1621378650.9155278	100.0	100.0	100.0	86.5
1621378651.0728693	80.0
1621378652.0783846	100.0	100.0	100.0	87.3
1621378652.237455	80.0
1621378653.2440367	100.0	100.0	100.0	86.6
1621378653.4032176	80.0
1621378654.4100094	100.0	100.0	100.0	86.6
1621378654.5683753	93.3
1621378655.8267674	100.0	100.0	72.5	70.7
1621378655.9851415	87.5
1621378657.0376158	100.0	100.0	92.1	86.3
1621378657.1968908	80.0
1621378658.2036135	100.0	100.0	100.0	86.7
1621378658.361065	80.0
1621378659.3679686	100.0	100.0	100.0	63.5
1621378659.524919	25.0
1621378660.5305822	100.0	100.0	100.0	59.6
1621378660.6880076	20.0
1621378661.6942656	100.0	100.0	100.0	59.9
1621378661.8515387	26.7
1621378662.8575299	100.0	100.0	100.0	59.6
1621378663.0148206	33.3
1621378664.0207846	100.0	100.0	99.1	60.0
1621378664.1780083	33.3
1621378665.1833196	100.0	100.0	100.0	59.7
1621378665.3403795	26.7
1621378666.346602	100.0	100.0	100.0	60.4
1621378666.5043662	33.3
1621378667.5106313	100.0	100.0	100.0	61.2
1621378667.6682339	33.3
1621378668.673731	100.0	100.0	100.0	65.5
1621378668.8318744	100.0
1621378669.9625669	100.0	100.0	81.8	88.9
1621378670.121271	133.3
1621378671.1280558	100.0	100.0	78.4	79.4
1621378671.2862601	140.0
1621378672.2920985	100.0	100.0	78.1	80.3
1621378672.450809	153.3
1621378673.4568865	100.0	100.0	78.3	78.5
1621378673.6155434	131.2
1621378674.6218305	100.0	100.0	78.4	78.9
1621378674.7796867	140.0
1621378675.786443	100.0	100.0	77.1	81.0
1621378675.9454358	137.5
1621378676.9519117	100.0	100.0	78.4	80.1
1621378677.1105802	146.7
1621378678.117403	100.0	100.0	78.3	80.4
1621378678.2764885	146.7
1621378679.2830782	100.0	100.0	65.0	66.7
1621378679.4411528	73.3
1621378680.5058322	100.0	100.0	91.3	76.8
1621378680.6631782	73.3
1621378681.6691203	100.0	100.0	100.0	80.1
1621378681.8267906	73.3
1621378682.8331814	100.0	100.0	100.0	80.0
1621378682.99087	73.3
1621378683.9972625	100.0	100.0	100.0	81.2
1621378684.156388	73.3
1621378685.163318	100.0	100.0	100.0	80.0
1621378685.3216734	66.7
1621378686.3278346	100.0	100.0	100.0	79.6
1621378686.4854894	75.0
1621378687.4916792	100.0	100.0	100.0	80.6
1621378687.6493804	73.3
1621378688.655756	100.0	100.0	100.0	79.6
1621378688.813156	66.7
1621378689.819239	100.0	100.0	100.0	80.4
1621378689.978011	73.3
1621378690.9854317	100.0	100.0	100.0	80.8
1621378691.1430912	73.3
1621378692.1484833	100.0	100.0	100.0	81.0
1621378692.3066971	73.3
1621378693.312015	100.0	100.0	100.0	81.9
1621378693.4696314	80.0
1621378694.4759448	100.0	100.0	100.0	80.4
1621378694.634284	73.3
1621378695.6402216	100.0	100.0	100.0	80.7
1621378695.7984908	73.3
1621378696.8039708	100.0	100.0	100.0	81.1
1621378696.961872	73.3
1621378697.9691756	100.0	100.0	100.0	80.6
1621378698.127935	80.0
1621378699.1352677	100.0	100.0	100.0	79.6
1621378699.293142	66.7
1621378700.2996547	100.0	100.0	100.0	78.4
1621378700.4570622	80.0
1621378701.463642	100.0	100.0	100.0	78.4
1621378701.6214433	73.3
1621378702.6279817	100.0	100.0	100.0	79.9
1621378702.7856011	68.8
1621378703.7919593	100.0	100.0	100.0	78.9
1621378703.9491446	73.3
1621378704.9559853	100.0	100.0	100.0	78.4
1621378705.1135201	80.0
1621378706.119994	100.0	100.0	100.0	79.6
1621378706.2772903	80.0
1621378707.2840207	100.0	100.0	100.0	81.1
1621378707.4414835	73.3
1621378708.4479868	100.0	100.0	100.0	78.4
1621378708.6051373	37.5
1621378709.6110945	100.0	100.0	100.0	64.4
1621378709.7685223	46.7
1621378710.774633	100.0	100.0	100.0	64.3
1621378710.9320073	46.7
1621378711.937882	100.0	100.0	100.0	64.4
1621378712.09533	43.8
1621378713.1012833	100.0	100.0	100.0	64.2
1621378713.2584891	46.7
1621378714.2639983	100.0	100.0	100.0	64.8
1621378714.4210417	46.7
1621378715.427522	100.0	100.0	100.0	65.3
1621378715.584806	40.0
1621378716.5908039	100.0	100.0	100.0	64.8
1621378716.7484202	40.0
1621378717.7543075	100.0	100.0	100.0	65.4
1621378717.9120264	40.0
1621378718.9186006	100.0	100.0	100.0	52.8
1621378719.0761344	13.3
1621378720.081689	100.0	100.0	100.0	31.2
1621378720.2389617	6.7
1621378721.2440422	100.0	100.0	99.1	25.4
1621378721.4013603	13.3
1621378722.407836	100.0	100.0	100.0	26.7
1621378722.565155	18.8
1621378723.5710804	100.0	100.0	100.0	23.6
1621378723.7283592	6.7
1621378724.734704	100.0	100.0	100.0	30.7
1621378724.892067	6.7
1621378725.8978155	100.0	100.0	100.0	27.8
1621378726.0554776	18.8
1621378727.061294	100.0	100.0	100.0	32.3
1621378727.2185793	13.3
1621378728.2241504	100.0	100.0	99.2	26.2
1621378728.3813937	20.0
1621378729.387577	100.0	100.0	100.0	30.4
1621378729.5445545	6.7
1621378730.5501158	100.0	100.0	100.0	27.1
1621378730.7082002	13.3
1621378731.7136002	100.0	100.0	100.0	30.6
1621378731.8712268	13.3
1621378732.8772686	100.0	100.0	100.0	30.3
1621378733.0344865	20.0
1621378734.0408604	100.0	100.0	100.0	28.8
1621378734.1982615	6.7
1621378735.2039537	100.0	100.0	100.0	29.9
1621378735.3610744	13.3
1621378736.366818	100.0	100.0	100.0	30.8
1621378736.5241895	13.3
1621378737.5302017	100.0	100.0	100.0	35.3
1621378737.687417	20.0
1621378738.6929152	100.0	100.0	100.0	42.6
1621378738.8517427	93.3
1621378739.9514217	100.0	100.0	93.8	97.7
1621378740.1096146	160.0
1621378741.115922	100.0	100.0	85.6	87.4
1621378741.2740908	173.3
1621378742.2804737	100.0	100.0	83.2	89.4
1621378742.4391406	160.0
1621378743.4457407	100.0	100.0	84.1	86.6
1621378743.6041143	166.7
1621378744.6107397	100.0	100.0	84.0	87.4
1621378744.7706084	166.7
1621378745.7760808	100.0	100.0	84.1	86.7
1621378745.9351327	160.0
1621378746.9417994	100.0	100.0	84.6	88.0
1621378747.1010337	180.0
1621378748.1080189	100.0	100.0	85.5	88.2
1621378748.2665517	166.7
1621378749.2721126	100.0	100.0	82.2	82.8
1621378749.4307792	153.3
1621378750.4379883	100.0	100.0	80.4	82.9
1621378750.5962152	146.7
1621378751.6030993	100.0	100.0	80.7	87.0
1621378751.7613502	153.3
1621378752.7679553	100.0	100.0	80.0	83.2
1621378752.9271352	153.3
1621378753.934293	100.0	100.0	80.4	84.2
1621378754.0943947	153.3
1621378755.1000416	100.0	100.0	80.0	82.8
1621378755.2591417	153.3
1621378756.2656453	100.0	100.0	80.6	82.8
1621378756.4247704	153.3
1621378757.4311428	100.0	100.0	81.5	83.2
1621378757.590585	153.3
1621378758.5970104	100.0	100.0	81.0	79.9
1621378758.7554166	125.0
1621378759.762675	100.0	100.0	72.3	74.6
1621378759.9210298	140.0
1621378760.9279296	100.0	100.0	74.0	75.5
1621378761.0872476	133.3
1621378762.0992372	100.0	100.0	74.3	76.6
1621378762.2579734	126.7
1621378763.269605	100.0	100.0	72.0	77.3
1621378763.4281623	133.3
1621378764.435028	100.0	100.0	75.9	74.5
1621378764.5941947	126.7
1621378765.5999906	100.0	100.0	75.0	75.5
1621378765.7575266	140.0
1621378766.7639608	100.0	100.0	73.2	76.4
1621378766.922361	126.7
1621378767.929588	100.0	100.0	76.1	79.6
1621378768.0892532	126.7
1621378769.095743	100.0	100.0	67.8	70.2
1621378769.2544622	100.0
1621378770.261703	100.0	100.0	64.4	65.6
1621378770.4210038	93.3
1621378771.427908	100.0	100.0	64.6	65.1
1621378771.5857956	93.8
1621378772.5919971	100.0	100.0	65.6	64.3
1621378772.749845	100.0
1621378773.755915	100.0	100.0	64.5	65.6
1621378773.9143493	100.0
1621378774.9199514	100.0	100.0	64.1	65.6
1621378775.077565	93.3
1621378776.083693	100.0	100.0	65.0	66.9
1621378776.2416246	100.0
1621378777.2484322	100.0	100.0	64.9	66.9
1621378777.4065998	93.3
1621378778.412285	100.0	100.0	64.1	66.0
1621378778.5701573	126.7
1621378779.5771935	100.0	100.0	72.4	74.3
1621378779.7358644	112.5
1621378780.7422633	100.0	100.0	72.5	73.6
1621378780.9003012	126.7
1621378781.9076848	100.0	100.0	75.0	74.3
1621378782.0659306	126.7
1621378783.071969	100.0	100.0	72.7	72.5
1621378783.231633	133.3
1621378784.2379405	100.0	100.0	73.6	74.5
1621378784.3966181	133.3
1621378785.4036994	100.0	100.0	72.8	74.5
1621378785.5630922	120.0
1621378786.569649	100.0	100.0	71.7	74.5
1621378786.728801	126.7
1621378787.7352083	100.0	100.0	74.6	78.4
1621378787.8934224	126.7
1621378788.9001236	100.0	100.0	68.9	71.5
1621378789.0586696	106.7
1621378790.0656245	100.0	100.0	66.7	67.5
1621378790.2237694	106.7
1621378791.2299223	100.0	100.0	67.1	67.6
1621378791.3882725	100.0
1621378792.3941898	100.0	100.0	67.1	67.5
1621378792.5525842	106.7
1621378793.5585816	100.0	100.0	67.7	66.7
1621378793.7164686	106.7
1621378794.7218974	100.0	100.0	66.2	68.2
1621378794.8806193	106.7
1621378795.887973	100.0	100.0	67.3	67.1
1621378796.0454156	100.0
1621378797.0518363	100.0	100.0	66.7	68.9
1621378797.2103746	113.3
1621378798.2173088	100.0	100.0	68.0	69.4
1621378798.3754492	100.0
1621378799.38081	100.0	100.0	59.8	59.4
1621378799.5385225	66.7
1621378800.5940635	100.0	100.0	90.0	69.0
1621378800.751612	53.3
1621378801.7579544	100.0	100.0	100.0	71.3
1621378801.915481	56.2
1621378802.9218097	100.0	100.0	100.0	72.0
1621378803.079797	53.3
1621378804.0853748	100.0	100.0	100.0	71.2
1621378804.2427292	60.0
1621378805.2479293	100.0	99.1	100.0	71.2
1621378805.4049933	60.0
1621378806.4105935	100.0	100.0	100.0	71.3
1621378806.5678508	53.3
1621378807.5732958	100.0	100.0	100.0	73.1
1621378807.730463	60.0
1621378808.7359908	100.0	100.0	100.0	72.2
1621378808.89319	60.0
1621378809.899519	100.0	100.0	100.0	73.0
1621378810.057341	73.3
1621378811.0640051	100.0	100.0	100.0	74.8
1621378811.221264	66.7
1621378812.226451	100.0	100.0	100.0	75.3
1621378812.3850305	60.0
1621378813.3914688	100.0	100.0	100.0	73.4
1621378813.548979	60.0
1621378814.5547771	100.0	99.1	99.1	73.0
1621378814.7128356	53.3
1621378815.71944	100.0	100.0	100.0	73.0
1621378815.8766532	66.7
1621378816.8822935	100.0	100.0	100.0	73.7
1621378817.0397043	60.0
1621378818.0475702	100.0	100.0	100.0	75.3
1621378818.2052817	62.5
1621378819.2114387	100.0	100.0	100.0	68.6
1621378819.3688881	46.7
1621378820.3751664	100.0	100.0	100.0	65.9
1621378820.532519	40.0
1621378821.538803	100.0	100.0	100.0	66.7
1621378821.6969013	46.7
1621378822.7017457	100.0	100.0	100.0	67.1
1621378822.859401	46.7
1621378823.865511	100.0	100.0	100.0	67.0
1621378824.022778	46.7
1621378825.0279498	100.0	100.0	100.0	66.7
1621378825.1852872	50.0
1621378826.1912432	100.0	100.0	100.0	66.7
1621378826.348333	46.7
1621378827.3534532	100.0	100.0	100.0	68.8
1621378827.5107176	53.3
1621378828.5159879	100.0	100.0	100.0	68.6
1621378828.6738837	66.7
1621378829.6800115	100.0	100.0	100.0	74.5
1621378829.8376036	60.0
1621378830.8437903	100.0	100.0	100.0	73.2
1621378831.0011206	60.0
1621378832.0068552	100.0	100.0	100.0	72.2
1621378832.1643982	66.7
1621378833.1693187	100.0	100.0	100.0	71.8
1621378833.3264709	60.0
1621378834.331971	100.0	100.0	100.0	72.7
1621378834.4891477	66.7
1621378835.494624	100.0	100.0	100.0	73.4
1621378835.651911	53.3
1621378836.6579423	100.0	100.0	100.0	72.0
1621378836.815258	56.2
1621378837.820196	100.0	100.0	100.0	73.0
1621378837.9774022	66.7
1621378838.9836805	100.0	100.0	100.0	82.3
1621378839.1431816	93.3
1621378840.3496754	100.0	100.0	74.4	73.7
1621378840.5082874	100.0
1621378841.513451	100.0	100.0	67.1	70.0
1621378841.6717124	113.3
1621378842.677485	100.0	100.0	68.0	69.1
1621378842.8352945	106.2
1621378843.8413165	100.0	100.0	65.8	68.5
1621378843.9989166	100.0
1621378845.004533	100.0	100.0	68.2	68.4
1621378845.1622806	113.3
1621378846.1680822	100.0	100.0	66.2	68.9
1621378846.3268716	100.0
1621378847.334302	100.0	100.0	68.2	70.3
1621378847.4924006	100.0
1621378848.4980164	100.0	100.0	68.0	68.5
1621378848.6560497	66.7
1621378849.7140453	100.0	100.0	90.8	70.4
1621378849.8716722	66.7
1621378850.8764367	100.0	100.0	100.0	73.1
1621378851.033634	60.0
1621378852.0387857	100.0	100.0	100.0	72.5
1621378852.1960614	60.0
1621378853.2015274	100.0	100.0	100.0	72.7
1621378853.358713	60.0
1621378854.364347	100.0	100.0	100.0	72.0
1621378854.5216277	60.0
1621378855.5277832	100.0	100.0	100.0	72.7
1621378855.6851768	50.0
1621378856.691391	100.0	100.0	100.0	72.5
1621378856.8487637	60.0
1621378857.8550525	100.0	100.0	100.0	74.1
1621378858.0133357	60.0
1621378859.0193324	100.0	100.0	100.0	58.5
1621378859.1767592	20.0
1621378860.182349	100.0	100.0	100.0	46.3
1621378860.3400626	20.0
1621378861.3454187	100.0	100.0	100.0	48.0
1621378861.5028584	20.0
1621378862.508887	100.0	100.0	100.0	49.1
1621378862.666136	20.0
1621378863.671173	100.0	100.0	100.0	49.7
1621378863.8283975	13.3
1621378864.8344984	100.0	100.0	100.0	48.0
1621378864.9921443	26.7
1621378865.998497	99.1	100.0	100.0	48.8
1621378866.1558743	13.3
1621378867.1610646	100.0	100.0	100.0	48.2
1621378867.318234	26.7
1621378868.3244395	100.0	100.0	100.0	49.4
1621378868.4814484	26.7
1621378869.4873378	100.0	100.0	100.0	81.2
1621378869.645718	75.0
1621378870.6521027	100.0	100.0	100.0	86.7
1621378870.8095171	80.0
1621378871.8159783	100.0	100.0	100.0	85.8
1621378871.9742997	86.7
1621378872.9812877	100.0	100.0	100.0	86.7
1621378873.1394575	93.3
1621378874.2013507	100.0	100.0	68.5	66.5
1621378874.3598864	86.7
1621378875.415965	100.0	100.0	91.3	83.8
1621378875.574146	80.0
1621378876.5812716	100.0	100.0	100.0	86.2
1621378876.7380464	80.0
1621378877.7439766	100.0	100.0	100.0	85.9
1621378877.9024427	80.0
1621378878.907956	100.0	100.0	100.0	73.4
1621378879.0653453	31.2
1621378880.0714383	100.0	100.0	100.0	61.6
1621378880.228535	26.7
1621378881.2347114	100.0	100.0	100.0	61.2
1621378881.3922226	33.3
1621378882.397928	100.0	100.0	100.0	61.9
1621378882.5553484	37.5
1621378883.5617223	100.0	100.0	100.0	62.2
1621378883.7202065	26.7
1621378884.7252586	100.0	100.0	100.0	61.2
1621378884.882663	33.3
1621378885.8879592	100.0	100.0	100.0	62.0
1621378886.0455954	37.5
1621378887.051666	100.0	100.0	100.0	62.3
1621378887.2098432	33.3
1621378888.2158706	100.0	100.0	100.0	62.0
1621378888.3735828	26.7
1621378889.3796735	100.0	100.0	100.0	75.7
1621378889.5380905	73.3
1621378890.5472808	100.0	100.0	100.0	79.1
1621378890.7057164	68.8
1621378891.711964	100.0	100.0	100.0	79.5
1621378891.8702106	73.3
1621378892.8759942	100.0	100.0	100.0	79.6
1621378893.0337822	80.0
1621378894.0399437	100.0	100.0	100.0	79.7
1621378894.1970541	73.3
1621378895.2033844	100.0	100.0	100.0	80.6
1621378895.3608234	80.0
1621378896.3674612	100.0	100.0	100.0	79.5
1621378896.524923	75.0
1621378897.5316439	100.0	100.0	100.0	80.1
1621378897.689656	73.3
1621378898.6947148	100.0	100.0	100.0	78.4
1621378898.85194	60.0
1621378899.8576446	100.0	100.0	100.0	71.2
1621378900.0153248	56.2
1621378901.0203085	100.0	100.0	100.0	71.2
1621378901.1775112	60.0
1621378902.1835551	100.0	100.0	100.0	70.6
1621378902.341318	60.0
1621378903.3464003	100.0	100.0	100.0	72.0
1621378903.503653	60.0
1621378904.5086513	100.0	99.1	100.0	70.3
1621378904.6659796	60.0
1621378905.6717703	100.0	100.0	100.0	70.7
1621378905.828996	60.0
1621378906.834649	100.0	100.0	100.0	70.7
1621378906.9918377	53.3
1621378907.9975011	100.0	100.0	100.0	71.6
1621378908.1553674	56.2
1621378909.1624868	100.0	100.0	100.0	66.3
1621378909.319783	40.0
1621378910.324597	100.0	100.0	100.0	62.9
1621378910.4816425	33.3
1621378911.4875169	100.0	100.0	100.0	63.4
1621378911.6447527	40.0
1621378912.6508203	100.0	100.0	100.0	63.6
1621378912.80833	40.0
1621378913.8138323	100.0	100.0	100.0	62.5
1621378913.9709206	33.3
1621378914.9772913	100.0	100.0	100.0	62.9
1621378915.1346383	40.0
1621378916.1414213	100.0	100.0	100.0	63.6
1621378916.298555	40.0
1621378917.3039384	100.0	100.0	100.0	64.2
1621378917.4614365	40.0
1621378918.4671366	100.0	100.0	100.0	63.9
1621378918.6246307	20.0
1621378919.6307216	100.0	100.0	100.0	52.2
1621378919.7884793	26.7
1621378920.7944574	100.0	100.0	100.0	52.2
1621378920.9521048	20.0
1621378921.9583888	100.0	100.0	100.0	53.5
1621378922.115922	20.0
1621378923.1219418	100.0	100.0	100.0	54.8
1621378923.2793865	20.0
1621378924.285012	100.0	100.0	100.0	53.2
1621378924.4424355	26.7
1621378925.4484007	100.0	100.0	100.0	53.8
1621378925.6055968	18.8
1621378926.6119509	100.0	100.0	100.0	53.2
1621378926.76955	20.0
1621378927.7756908	100.0	100.0	100.0	54.7
1621378927.933086	20.0
1621378928.9392247	100.0	100.0	100.0	69.7
1621378929.0969875	86.7
1621378930.1032934	100.0	100.0	100.0	100.0
1621378930.262849	93.3
1621378931.3420026	100.0	100.0	95.9	100.0
1621378931.502487	186.7
1621378932.511134	100.0	100.0	100.0	100.0
1621378932.6715786	200.0
1621378933.67733	100.0	100.0	96.7	100.0
1621378933.8367398	186.7
1621378934.8432188	100.0	100.0	86.4	90.4
1621378935.0022988	166.7
1621378936.0083694	100.0	100.0	84.7	87.5
1621378936.1680844	166.7
1621378937.174671	100.0	100.0	86.3	88.0
1621378937.3332627	153.3
1621378938.3396218	100.0	100.0	85.4	89.3
1621378938.4979155	140.0
1621378939.5039973	100.0	100.0	65.8	65.8
1621378939.661551	93.3
1621378940.667902	100.0	100.0	63.1	65.0
1621378940.8268366	93.3
1621378941.8326523	100.0	100.0	64.7	64.3
1621378941.9907548	93.3
1621378942.9976807	100.0	100.0	64.4	66.0
1621378943.155626	87.5
1621378944.2191467	100.0	100.0	92.1	84.5
1621378944.3783398	86.7
1621378945.385357	100.0	100.0	100.0	88.5
1621378945.544113	80.0
1621378946.5508924	100.0	100.0	100.0	87.3
1621378946.7104852	93.3
1621378947.7863176	100.0	100.0	70.6	69.7
1621378947.9448407	100.0
1621378948.951896	100.0	100.0	50.3	53.0
1621378949.1092296	26.7
1621378950.1609707	100.0	100.0	88.0	55.6
1621378950.3181922	26.7
1621378951.3240783	100.0	100.0	100.0	57.6
1621378951.4813035	26.7
1621378952.4877374	100.0	100.0	100.0	58.8
1621378952.6448548	26.7
1621378953.6500537	100.0	100.0	100.0	57.7
1621378953.807354	20.0
1621378954.8133247	100.0	100.0	100.0	57.9
1621378954.9703484	20.0
1621378955.9759395	100.0	100.0	100.0	57.2
1621378956.1332898	26.7
1621378957.139674	100.0	100.0	99.1	58.0
1621378957.2967012	26.7
1621378958.3030326	100.0	100.0	100.0	58.9
1621378958.4603317	33.3
1621378959.4660006	100.0	100.0	100.0	93.5
1621378959.6247723	93.3
1621378960.6959243	100.0	100.0	100.0	100.0
1621378960.8549411	206.7
1621378961.8612735	100.0	100.0	94.3	95.8
1621378962.0194256	166.7
1621378963.025005	100.0	100.0	85.4	89.4
1621378963.183934	160.0
1621378964.1906235	100.0	100.0	85.0	89.5
1621378964.3482287	160.0
1621378965.3553834	100.0	100.0	85.6	89.0
1621378965.5137787	160.0
1621378966.5212245	100.0	100.0	84.5	87.1
1621378966.6807697	153.3
1621378967.6879766	100.0	100.0	85.5	88.2
1621378967.8464894	173.3
1621378968.85358	100.0	100.0	76.2	75.9
1621378969.0122886	73.3
1621378970.0853505	100.0	100.0	90.7	75.6
1621378970.2424595	66.7
1621378971.2482624	100.0	100.0	100.0	78.4
1621378971.4067903	66.7
1621378972.4130313	100.0	100.0	100.0	78.0
1621378972.570375	73.3
1621378973.5771072	100.0	100.0	100.0	78.4
1621378973.734529	66.7
1621378974.74126	100.0	100.0	100.0	78.4
1621378974.8995323	73.3
1621378975.9058244	100.0	100.0	100.0	78.5
1621378976.0633357	73.3
1621378977.0683184	100.0	100.0	100.0	78.9
1621378977.2266567	73.3
1621378978.2339728	100.0	100.0	100.0	78.4
1621378978.391198	73.3
1621378979.3981824	100.0	100.0	100.0	95.1
1621378979.557226	100.0
1621378980.6262429	100.0	100.0	75.0	78.8
1621378980.78483	120.0
1621378981.79126	100.0	100.0	69.8	71.0
1621378981.9498365	120.0
1621378982.9559412	100.0	100.0	68.5	72.9
1621378983.1142287	120.0
1621378984.1199715	100.0	100.0	69.4	71.7
1621378984.2779267	113.3
1621378985.2839887	100.0	100.0	70.0	72.0
1621378985.4429138	120.0
1621378986.449974	100.0	100.0	69.8	70.6
1621378986.6081543	120.0
1621378987.6137571	100.0	100.0	71.5	71.8
1621378987.7723584	120.0
1621378988.7783535	100.0	100.0	64.1	66.7
1621378988.936061	46.7
1621378990.000848	100.0	100.0	88.5	61.3
1621378990.1582983	40.0
1621378991.1639383	100.0	100.0	100.0	63.6
1621378991.3212457	46.7
1621378992.327691	100.0	100.0	100.0	62.5
1621378992.484899	40.0
1621378993.4907203	100.0	100.0	100.0	62.9
1621378993.6481166	40.0
1621378994.6538327	99.1	100.0	100.0	62.4
1621378994.8112898	40.0
1621378995.8162153	100.0	100.0	100.0	63.5
1621378995.973355	40.0
1621378996.9797554	100.0	100.0	100.0	62.4
1621378997.137016	33.3
1621378998.1421685	100.0	100.0	100.0	63.7
1621378998.299845	40.0
1621378999.3049195	100.0	100.0	100.0	78.8
1621378999.4635532	80.0
1621379000.4694827	100.0	100.0	100.0	86.7
1621379000.6276822	86.7
1621379001.6340535	100.0	100.0	100.0	87.3
1621379001.7923632	86.7
1621379002.7992778	100.0	100.0	100.0	88.5
1621379002.957935	80.0
1621379003.9639652	100.0	100.0	100.0	88.6
1621379004.1249335	80.0
1621379005.1314313	100.0	100.0	100.0	87.2
1621379005.288839	86.7
1621379006.3137279	100.0	100.0	100.0	88.1
1621379006.47235	86.7
1621379007.4785678	100.0	100.0	100.0	88.7
1621379007.6367981	80.0
1621379008.6432135	100.0	100.0	100.0	89.2
1621379008.8021617	100.0
1621379009.939977	100.0	100.0	96.2	98.5
1621379010.09834	166.7
1621379011.1042595	100.0	100.0	85.0	89.5
1621379011.2628007	166.7
1621379012.270436	100.0	100.0	86.2	88.8
1621379012.4294202	166.7
1621379013.4352279	100.0	100.0	85.5	88.8
1621379013.59387	173.3
1621379014.6009998	100.0	100.0	85.3	88.7
1621379014.7611687	160.0
1621379015.768105	100.0	100.0	85.3	88.7
1621379015.9274123	160.0
1621379016.9340644	100.0	100.0	85.6	88.0
1621379017.0926921	166.7
1621379018.0993483	100.0	100.0	85.5	91.8
1621379018.258228	166.7
1621379019.2649498	100.0	100.0	61.0	62.4
1621379019.4226804	40.0
1621379020.4741595	100.0	100.0	89.0	61.5
1621379020.6314447	40.0
1621379021.637404	100.0	100.0	100.0	62.9
1621379021.794666	33.3
1621379022.801035	100.0	100.0	100.0	63.2
1621379022.9588766	46.7
1621379023.9639487	100.0	100.0	100.0	62.7
1621379024.121203	33.3
1621379025.1271467	100.0	100.0	100.0	63.9
1621379025.2844455	40.0
1621379026.2905998	100.0	100.0	100.0	63.0
1621379026.4480312	33.3
1621379027.453721	100.0	100.0	100.0	64.1
1621379027.6111972	33.3
1621379028.6161265	100.0	100.0	100.0	67.2
1621379028.7743118	100.0
1621379029.873686	100.0	100.0	74.3	76.7
1621379030.0316048	120.0
1621379031.037787	100.0	100.0	70.0	71.0
1621379031.196379	120.0
1621379032.2023656	100.0	100.0	69.6	70.3
1621379032.361245	113.3
1621379033.3674295	100.0	100.0	69.2	72.9
1621379033.5251322	112.5
1621379034.532472	100.0	100.0	69.8	70.7
1621379034.6905706	126.7
1621379035.6975796	100.0	100.0	69.8	71.8
1621379035.8557062	106.2
1621379036.8622265	100.0	100.0	68.5	71.4
1621379037.0204647	120.0
1621379038.026612	100.0	99.1	70.3	73.2
1621379038.1850557	120.0
1621379039.1914716	100.0	100.0	64.7	64.4
1621379039.348992	80.0
1621379040.4145405	100.0	100.0	91.5	73.2
1621379040.5726242	66.7
1621379041.578784	100.0	100.0	100.0	75.2
1621379041.7364218	66.7
1621379042.7426224	100.0	100.0	100.0	77.0
1621379042.899843	73.3
1621379043.904796	100.0	100.0	100.0	76.3
1621379044.0620482	73.3
1621379045.0672328	100.0	100.0	100.0	76.8
1621379045.2255294	68.8
1621379046.2316773	100.0	100.0	100.0	75.8
1621379046.3891273	73.3
1621379047.3954563	100.0	100.0	100.0	76.7
1621379047.5529444	66.7
1621379048.5595527	100.0	100.0	100.0	76.5
1621379048.7174754	66.7
1621379049.7237587	100.0	100.0	100.0	80.0
1621379049.8812575	66.7
1621379050.8874028	100.0	100.0	100.0	78.9
1621379051.0454285	68.8
1621379052.0518138	100.0	100.0	100.0	79.1
1621379052.209823	73.3
1621379053.2159443	100.0	100.0	100.0	79.5
1621379053.3739338	73.3
1621379054.38003	100.0	100.0	100.0	78.5
1621379054.537596	66.7
1621379055.5439997	100.0	100.0	100.0	79.5
1621379055.7020667	73.3
1621379056.7080476	100.0	100.0	100.0	79.6
1621379056.8661315	73.3
1621379057.871946	100.0	100.0	100.0	80.6
1621379058.0292625	73.3
1621379059.0358994	100.0	100.0	100.0	89.3
1621379059.1956356	93.8
1621379060.2862878	100.0	100.0	80.1	82.8
1621379060.4462159	126.7
1621379061.4541485	100.0	100.0	73.8	75.9
1621379061.613083	126.7
1621379062.6194208	100.0	100.0	71.6	76.4
1621379062.7782507	126.7
1621379063.7848654	100.0	100.0	73.0	75.7
1621379063.9432876	126.7
1621379064.9505467	100.0	100.0	73.8	73.2
1621379065.1095703	126.7
1621379066.11595	100.0	100.0	74.1	74.8
1621379066.2738745	126.7
1621379067.2801828	100.0	100.0	73.4	77.9
1621379067.439062	120.0
1621379068.4463475	100.0	100.0	72.5	76.1
1621379068.6045704	46.7
1621379069.6661882	100.0	100.0	89.3	62.2
1621379069.8237193	40.0
1621379070.8299077	100.0	100.0	100.0	62.4
1621379070.987846	40.0
1621379071.9936154	100.0	100.0	100.0	63.2
1621379072.1509175	40.0
1621379073.1565263	100.0	100.0	100.0	63.7
1621379073.3140917	40.0
1621379074.319285	100.0	100.0	100.0	62.6
1621379074.4764473	40.0
1621379075.4823325	100.0	100.0	100.0	62.7
1621379075.6401725	40.0
1621379076.6462033	100.0	100.0	100.0	62.9
1621379076.8037055	33.3
1621379077.8092463	100.0	100.0	100.0	63.7
1621379077.966549	40.0
1621379078.9719374	100.0	100.0	100.0	75.2
1621379079.1298187	86.7
1621379080.1359732	100.0	100.0	100.0	100.0
1621379080.2950747	100.0
1621379081.3753607	100.0	100.0	93.7	95.3
1621379081.5336783	133.3
1621379082.5397289	100.0	100.0	76.3	77.0
1621379082.6976247	133.3
1621379083.703948	100.0	100.0	76.9	78.1
1621379083.8622925	133.3
1621379084.868406	100.0	100.0	77.1	76.1
1621379085.027032	140.0
1621379086.0340438	100.0	100.0	87.5	89.1
1621379086.218352	181.2
1621379087.2444859	100.0	100.0	100.0	100.0
1621379087.4229875	193.8
1621379088.446511	100.0	100.0	100.0	100.0
1621379088.626732	181.2
1621379089.634668	100.0	100.0	100.0	100.0
1621379089.7958467	200.0
1621379090.8196237	100.0	100.0	100.0	100.0
1621379090.9801886	186.7
1621379092.0083454	100.0	100.0	100.0	100.0
1621379092.1779864	175.0
1621379093.2151325	100.0	100.0	100.0	100.0
1621379093.394244	200.0
1621379094.4209144	100.0	100.0	100.0	100.0
1621379094.5944428	200.0
1621379095.6250231	100.0	100.0	100.0	100.0
1621379095.8001745	200.0
1621379096.82346	100.0	100.0	100.0	100.0
1621379096.995615	193.3
1621379098.01586	100.0	100.0	100.0	100.0
1621379098.1904478	193.3
1621379099.213409	100.0	100.0	100.0	100.0
1621379099.3974042	181.2
1621379100.417127	100.0	100.0	100.0	100.0
1621379100.5819113	206.7
1621379101.5904424	100.0	100.0	100.0	100.0
1621379101.7539852	200.0
1621379102.7655532	100.0	100.0	100.0	100.0
1621379102.9301407	186.7
1621379103.9491704	100.0	100.0	100.0	100.0
1621379104.115438	181.2
1621379105.128742	100.0	100.0	100.0	100.0
1621379105.2968047	200.0
1621379106.3138347	100.0	100.0	100.0	100.0
1621379106.483628	206.7
1621379107.4942715	100.0	100.0	100.0	100.0
1621379107.6632736	206.7
1621379108.6695864	100.0	100.0	100.0	100.0
1621379108.828679	193.3
1621379109.834845	100.0	100.0	76.7	49.2
1621379109.992707	13.3
1621379111.0479584	100.0	100.0	87.1	37.8
1621379111.2051816	18.8
1621379112.2110646	100.0	100.0	100.0	39.3
1621379112.36841	13.3
1621379113.374638	100.0	100.0	100.0	43.0
1621379113.5323923	13.3
1621379114.5386865	100.0	100.0	100.0	39.1
1621379114.6963217	13.3
1621379115.7025254	100.0	100.0	100.0	38.1
1621379115.8599887	20.0
1621379116.8656483	100.0	100.0	100.0	39.1
1621379117.0231318	20.0
1621379118.028827	100.0	100.0	100.0	42.4
1621379118.1862803	20.0
1621379119.1923096	100.0	100.0	100.0	54.9
1621379119.349592	26.7
1621379120.3559325	100.0	100.0	100.0	61.3
1621379120.513136	33.3
1621379121.5188391	100.0	100.0	100.0	60.4
1621379121.6762621	26.7
1621379122.6815343	100.0	100.0	100.0	61.1
1621379122.838736	33.3
1621379123.844473	100.0	100.0	100.0	60.5
1621379124.002028	26.7
1621379125.0084732	100.0	100.0	100.0	60.9
1621379125.1661236	33.3
1621379126.1719234	100.0	100.0	100.0	61.7
1621379126.3295283	33.3
1621379127.3349624	100.0	100.0	100.0	60.7
1621379127.4925358	33.3
1621379128.499301	100.0	100.0	100.0	62.4
1621379128.6578662	100.0
1621379129.7342756	100.0	100.0	72.5	73.3
1621379129.8925247	113.3
1621379130.8985147	100.0	100.0	67.1	69.8
1621379131.0586865	100.0
1621379132.065608	100.0	100.0	68.7	67.6
1621379132.2252223	106.7
1621379133.2319458	100.0	100.0	69.3	69.6
1621379133.3899713	113.3
1621379134.3965127	100.0	100.0	67.1	70.5
1621379134.5549736	106.7
1621379135.560885	100.0	100.0	68.2	68.9
1621379135.719586	113.3
1621379136.7256877	100.0	100.0	69.3	69.3
1621379136.8836923	106.7
1621379137.8888066	63.1	100.0	68.0	70.7
1621379138.0472674	106.7
1621379139.864096	67.3	46.2	65.7	65.7
1621379140.0214584	80.0
1621379141.1138954	94.4	19.2	19.8	71.9
1621379141.2732956	60.0
1621379142.2795894	100.0	8.0	3.7	72.7
1621379142.437682	60.0
1621379143.4440243	100.0	17.0	16.8	73.0
1621379143.602019	66.7
1621379144.6081476	100.0	88.8	89.6	77.0
1621379144.766006	66.7
1621379145.7719448	100.0	100.0	100.0	75.8
1621379145.929597	66.7
1621379146.9359627	100.0	100.0	100.0	76.0
1621379147.0943701	66.7
1621379148.1021707	100.0	100.0	100.0	76.3
1621379148.2603788	66.7
1621379149.2678044	100.0	100.0	100.0	68.6
1621379149.4254575	43.8
1621379150.4318306	98.3	85.6	76.7	66.9
1621379150.5888307	40.0
1621379151.5948398	100.0	83.6	83.8	66.3
1621379151.7528014	46.7
1621379152.7591312	100.0	100.0	100.0	66.7
1621379152.9167945	46.7
1621379153.9228928	100.0	100.0	100.0	67.1
1621379154.081011	53.3
1621379155.08723	100.0	100.0	100.0	67.1
1621379155.2453392	43.8
1621379156.2520318	100.0	100.0	100.0	67.2
1621379156.4092786	46.7
1621379157.415701	100.0	100.0	100.0	66.7
1621379157.573911	46.7
1621379158.5799944	100.0	100.0	100.0	68.6
1621379158.738544	86.7
1621379159.745217	100.0	100.0	100.0	86.6
1621379159.904521	80.0
1621379160.9109304	100.0	100.0	100.0	86.0
1621379161.0700672	80.0
1621379162.0761077	100.0	100.0	100.0	85.3
1621379162.234915	80.0
1621379163.241948	100.0	100.0	100.0	86.6
1621379163.400107	80.0
1621379164.4064834	100.0	100.0	100.0	86.7
1621379164.5651324	81.2
1621379165.5712638	100.0	100.0	100.0	86.0
1621379165.729153	86.7
1621379166.735747	100.0	100.0	100.0	85.2
1621379166.8936555	80.0
1621379167.899955	100.0	100.0	100.0	86.0
1621379168.059201	86.7
1621379169.0670533	100.0	100.0	100.0	87.2
1621379169.2255197	81.2
1621379170.2331848	100.0	100.0	100.0	88.7
1621379170.3924315	86.7
1621379171.3987122	100.0	100.0	100.0	87.8
1621379171.5575771	80.0
1621379172.5640318	100.0	100.0	100.0	88.1
1621379172.7219157	93.3
1621379173.8068802	100.0	100.0	68.8	68.3
1621379173.9656706	87.5
1621379175.0218644	100.0	100.0	92.9	83.8
1621379175.1805737	93.3
1621379176.2439752	100.0	100.0	69.4	68.2
1621379176.4019394	100.0
1621379177.4073303	100.0	100.0	64.2	64.8
1621379177.5656414	87.5
1621379178.6266496	100.0	100.0	93.0	77.9
1621379178.7843032	33.3
1621379179.7905705	100.0	100.0	100.0	59.9
1621379179.9483578	33.3
1621379180.9543045	100.0	100.0	100.0	59.9
1621379181.1123202	33.3
1621379182.1180692	100.0	100.0	100.0	60.1
1621379182.2761507	26.7
1621379183.281952	100.0	100.0	100.0	59.7
1621379183.4401197	26.7
1621379184.445503	100.0	100.0	100.0	58.7
1621379184.6032994	26.7
1621379185.6089892	100.0	100.0	100.0	61.5
1621379185.7671208	26.7
1621379186.7729032	100.0	100.0	100.0	59.1
1621379186.9307415	33.3
1621379187.93675	100.0	100.0	100.0	60.4
1621379188.0947888	26.7
1621379189.1026738	100.0	100.0	100.0	78.2
1621379189.2615762	106.7
1621379190.5359237	100.0	100.0	95.8	100.0
1621379190.6945171	200.0
1621379191.7007513	100.0	100.0	94.4	100.0
1621379191.859673	186.7
1621379192.8668647	100.0	100.0	87.5	92.7
1621379193.0255063	168.8
1621379194.0321364	100.0	100.0	88.3	89.7
1621379194.190461	173.3
1621379195.198266	100.0	100.0	88.1	90.9
1621379195.3575191	173.3
1621379196.363841	100.0	100.0	86.7	89.7
1621379196.5221925	166.7
1621379197.5288482	100.0	100.0	88.1	90.8
1621379197.6884646	173.3
1621379198.6958814	100.0	100.0	80.7	83.3
1621379198.8536103	73.3
1621379199.9093812	100.0	100.0	91.3	71.1
1621379200.067653	66.7
1621379201.07365	100.0	100.0	100.0	74.1
1621379201.23167	66.7
1621379202.2375827	100.0	100.0	100.0	73.2
1621379202.3951192	66.7
1621379203.4014592	100.0	100.0	100.0	74.1
1621379203.5595448	60.0
1621379204.565087	100.0	100.0	100.0	73.3
1621379204.72244	60.0
1621379205.7280316	100.0	100.0	100.0	73.1
1621379205.8855257	56.2
1621379206.8919168	100.0	100.0	100.0	73.4
1621379207.049889	66.7
1621379208.0559733	100.0	100.0	100.0	73.9
1621379208.2132285	66.7
1621379209.2199588	100.0	100.0	100.0	90.6
1621379209.3788638	106.7
1621379210.467231	100.0	100.0	81.6	87.0
1621379210.6263778	133.3
1621379211.6351564	100.0	100.0	74.3	77.7
1621379211.794323	133.3
1621379212.801631	100.0	100.0	74.1	77.4
1621379212.9603689	126.7
1621379213.9664495	100.0	100.0	75.5	78.7
1621379214.1260445	133.3
1621379215.1331108	100.0	100.0	74.6	77.0
1621379215.2920003	126.7
1621379216.2994268	100.0	100.0	75.7	74.8
1621379216.4576714	133.3
1621379217.463979	100.0	100.0	73.9	78.2
1621379217.6226149	140.0
1621379218.629837	100.0	100.0	72.3	74.1
1621379218.7885664	53.3
1621379219.841827	100.0	100.0	90.0	66.7
1621379219.9995818	53.3
1621379221.006076	100.0	100.0	100.0	67.8
1621379221.1638315	53.3
1621379222.170307	100.0	100.0	100.0	67.8
1621379222.3281493	46.7
1621379223.334672	100.0	100.0	100.0	67.2
1621379223.4924922	60.0
1621379224.4991155	100.0	100.0	100.0	68.4
1621379224.6568272	60.0
1621379225.6630673	100.0	100.0	100.0	67.4
1621379225.8205125	46.7
1621379226.8268075	100.0	100.0	100.0	67.4
1621379227.000947	53.3
1621379228.007449	100.0	100.0	100.0	69.0
1621379228.165066	43.8
1621379229.1715527	100.0	100.0	100.0	85.4
1621379229.3309026	100.0
1621379230.4185085	100.0	100.0	73.8	78.8
1621379230.5774548	113.3
1621379231.584464	100.0	100.0	71.4	72.3
1621379231.7436912	120.0
1621379232.749029	100.0	100.0	69.8	71.7
1621379232.9078486	120.0
1621379233.9151	100.0	100.0	70.7	73.4
1621379234.073762	120.0
1621379235.0799835	100.0	100.0	69.4	72.0
1621379235.2394197	120.0
1621379236.2450778	100.0	100.0	70.9	70.8
1621379236.4046786	113.3
1621379237.4115336	100.0	100.0	70.9	72.7
1621379237.5702844	113.3
1621379238.5776641	100.0	100.0	72.8	72.0
1621379238.7368927	166.7
1621379239.7440505	100.0	100.0	84.2	85.4
1621379239.9032285	160.0
1621379240.9101622	100.0	100.0	84.0	87.5
1621379241.069346	160.0
1621379242.0764747	100.0	100.0	83.2	88.3
1621379242.2346532	166.7
1621379243.2413013	100.0	100.0	84.7	87.5
1621379243.400158	160.0
1621379244.4068182	100.0	100.0	82.4	84.5
1621379244.5667696	150.0
1621379245.5743308	100.0	100.0	84.7	87.3
1621379245.7335243	160.0
1621379246.740179	100.0	100.0	82.4	84.3
1621379246.8979838	160.0
1621379247.9040272	100.0	100.0	84.1	88.0
1621379248.062584	166.7
1621379249.068959	100.0	100.0	72.1	72.6
1621379249.2276974	93.3
1621379250.233748	100.0	100.0	63.7	61.1
1621379250.391755	86.7
1621379251.4494152	100.0	100.0	91.5	80.5
1621379251.6078439	80.0
1621379252.613902	100.0	100.0	100.0	81.8
1621379252.7727594	73.3
1621379253.7794397	100.0	100.0	100.0	82.7
1621379253.9379473	80.0
1621379254.9439685	100.0	100.0	100.0	83.0
1621379255.1025963	80.0
1621379256.108435	100.0	100.0	100.0	83.0
1621379256.267166	80.0
1621379257.2734902	100.0	100.0	100.0	83.5
1621379257.4325538	73.3
1621379258.4390886	100.0	100.0	100.0	82.9
1621379258.5976632	73.3
1621379259.6040423	100.0	100.0	100.0	79.7
1621379259.7618985	80.0
1621379260.767952	100.0	100.0	100.0	79.9
1621379260.9257429	73.3
1621379261.9343662	100.0	100.0	100.0	80.7
1621379262.0921092	80.0
1621379263.0987916	100.0	100.0	100.0	81.1
1621379263.2581468	73.3
1621379264.2640028	100.0	100.0	100.0	80.1
1621379264.421942	73.3
1621379265.4279916	100.0	100.0	100.0	80.6
1621379265.5861247	66.7
1621379266.5921178	100.0	100.0	100.0	79.3
1621379266.7495666	73.3
1621379267.7559726	100.0	100.0	100.0	81.0
1621379267.9143465	66.7
1621379268.919992	100.0	100.0	100.0	87.9
1621379269.0786371	93.3
1621379270.1656632	100.0	100.0	94.4	98.4
1621379270.3250232	160.0
1621379271.3321002	100.0	100.0	82.8	85.8
1621379271.4902632	160.0
1621379272.4959798	100.0	100.0	83.2	85.9
1621379272.6546338	160.0
1621379273.661194	100.0	100.0	84.7	84.9
1621379273.8197525	160.0
1621379274.8265374	100.0	100.0	82.8	86.8
1621379274.985226	156.2
1621379275.9919658	100.0	100.0	83.2	87.6
1621379276.150625	166.7
1621379277.1571248	100.0	100.0	83.1	86.8
1621379277.3165762	153.3
1621379278.3227952	100.0	100.0	84.1	86.7
1621379278.4802673	153.3
1621379279.4865305	100.0	100.0	63.7	66.0
1621379279.6444523	86.7
1621379280.714206	100.0	100.0	91.4	80.3
1621379280.8727944	80.0
1621379281.8788354	100.0	100.0	100.0	82.7
1621379282.0382738	80.0
1621379283.0440378	100.0	100.0	100.0	82.4
1621379283.2029178	80.0
1621379284.2085667	100.0	100.0	100.0	83.0
1621379284.3679101	73.3
1621379285.374532	100.0	100.0	100.0	81.6
1621379285.5331647	80.0
1621379286.539649	100.0	100.0	100.0	82.4
1621379286.6978097	73.3
1621379287.7039607	100.0	100.0	100.0	81.7
1621379287.8618438	80.0
1621379288.868053	100.0	100.0	100.0	88.6
1621379289.0273843	100.0
1621379290.190808	100.0	100.0	94.7	100.0
1621379290.3500688	200.0
1621379291.356059	100.0	100.0	92.1	91.9
1621379291.515279	173.3
1621379292.5226316	100.0	100.0	86.4	89.6
1621379292.6812577	173.3
1621379293.6884027	100.0	100.0	87.3	91.3
1621379293.8479624	180.0
1621379294.8542135	100.0	100.0	87.4	89.5
1621379295.0125449	173.3
1621379296.0193667	100.0	100.0	87.6	87.9
1621379296.1797569	166.7
1621379297.1868982	100.0	100.0	86.7	88.5
1621379297.3466606	173.3
1621379298.3537922	100.0	100.0	85.6	87.3
1621379298.5125604	133.3
1621379299.5192242	100.0	100.0	60.2	58.9
1621379299.6772969	53.3
1621379300.738256	100.0	100.0	90.7	69.1
1621379300.895855	60.0
1621379301.9020872	100.0	100.0	100.0	71.2
1621379302.0599437	60.0
1621379303.0664012	100.0	100.0	100.0	72.0
1621379303.2242591	53.3
1621379304.2307193	100.0	100.0	100.0	70.9
1621379304.3886821	53.3
1621379305.3951278	100.0	100.0	100.0	72.0
1621379305.5538688	53.3
1621379306.5589147	100.0	100.0	100.0	71.5
1621379306.716628	53.3
1621379307.7223961	100.0	100.0	100.0	71.6
1621379307.8799188	60.0
1621379308.885627	100.0	100.0	100.0	80.6
1621379309.0450962	100.0
1621379310.139349	100.0	100.0	81.2	87.5
1621379310.2990024	133.3
1621379311.3062966	100.0	100.0	75.2	78.4
1621379311.4649801	133.3
1621379312.4719174	100.0	100.0	76.2	78.3
1621379312.6307762	133.3
1621379313.6364594	100.0	100.0	76.6	77.4
1621379313.796049	131.2
1621379314.8023968	100.0	100.0	76.2	79.7
1621379314.9624739	133.3
1621379315.9693959	100.0	100.0	75.9	77.4
1621379316.1287282	140.0
1621379317.1355412	100.0	100.0	77.1	78.9
1621379317.2936769	146.7
1621379318.3008366	100.0	100.0	75.4	79.9
1621379318.4604857	133.3
1621379319.4676442	100.0	100.0	79.4	82.7
1621379319.6263123	146.7
1621379320.632459	100.0	100.0	78.7	82.4
1621379320.790415	153.3
1621379321.7977402	100.0	100.0	81.2	82.4
1621379321.9563334	153.3
1621379322.9628758	100.0	100.0	80.6	81.8
1621379323.121159	153.3
1621379324.1264899	100.0	100.0	79.9	84.2
1621379324.2857246	143.8
1621379325.2920415	100.0	100.0	80.1	82.8
1621379325.451069	146.7
1621379326.4576101	100.0	100.0	82.2	81.4
1621379326.6159263	153.3
1621379327.62238	100.0	100.0	79.4	82.4
1621379327.7813106	153.3
1621379328.787976	100.0	100.0	78.8	80.0
1621379328.947144	126.7
1621379329.9533722	100.0	100.0	74.8	76.1
1621379330.111833	140.0
1621379331.1195292	100.0	100.0	72.5	75.9
1621379331.2778378	133.3
1621379332.2918367	100.0	100.0	73.8	78.3
1621379332.4514046	133.3
1621379333.4573295	100.0	100.0	73.5	75.4
1621379333.6164467	133.3
1621379334.62294	100.0	100.0	72.3	75.2
1621379334.781179	140.0
1621379335.78752	100.0	100.0	74.5	75.7
1621379335.9457088	125.0
1621379336.9520493	100.0	100.0	73.9	75.2
1621379337.1120236	133.3
1621379338.1195784	100.0	100.0	74.6	76.3
1621379338.2790554	133.3
1621379339.2851436	100.0	100.0	66.7	71.1
1621379339.4433887	106.7
1621379340.4487166	100.0	100.0	65.2	65.6
1621379340.6084027	86.7
1621379341.6644685	100.0	100.0	91.2	87.5
1621379341.8240304	93.3
1621379343.037227	100.0	100.0	72.7	72.4
1621379343.1963634	100.0
1621379344.2035894	100.0	100.0	65.8	64.9
1621379344.3626018	106.7
1621379345.3707535	100.0	100.0	65.8	66.0
1621379345.5289745	93.3
1621379346.5358982	100.0	100.0	66.5	64.1
1621379346.6942787	93.3
1621379347.7010548	100.0	100.0	67.3	66.2
1621379347.8597686	100.0
1621379348.8658123	100.0	100.0	68.7	70.3
1621379349.02403	146.7
1621379350.0300956	100.0	100.0	79.4	79.1
1621379350.1888874	140.0
1621379351.1958683	100.0	100.0	79.3	80.3
1621379351.3550773	140.0
1621379352.3617172	100.0	100.0	79.3	79.5
1621379352.5218034	146.7
1621379353.5282097	100.0	100.0	78.8	84.0
1621379353.686938	140.0
1621379354.6931043	100.0	100.0	78.7	81.1
1621379354.8523452	146.7
1621379355.859192	100.0	100.0	77.0	81.2
1621379356.0174832	146.7
1621379357.0240633	100.0	100.0	78.1	80.6
1621379357.1826844	140.0
1621379358.190656	100.0	100.0	78.8	79.9
1621379358.3503745	133.3
1621379359.3580415	100.0	100.0	65.3	69.9
1621379359.5170968	93.3
1621379360.523093	100.0	100.0	63.9	64.5
1621379360.6814654	93.3
1621379361.6880052	100.0	100.0	64.8	65.2
1621379361.8462725	93.3
1621379362.8522866	100.0	100.0	64.9	65.8
1621379363.0118105	86.7
1621379364.070305	100.0	100.0	92.1	87.1
1621379364.2293022	86.7
1621379365.2358809	100.0	100.0	100.0	89.9
1621379365.3948689	86.7
1621379366.4007015	100.0	100.0	100.0	89.3
1621379366.5598402	86.7
1621379367.5661101	100.0	100.0	100.0	89.3
1621379367.7243469	86.7
1621379368.7311609	100.0	100.0	100.0	84.6
1621379368.888918	53.3
1621379369.8951375	100.0	100.0	100.0	69.6
1621379370.0528712	60.0
1621379371.0595355	100.0	100.0	100.0	70.1
1621379371.2170148	46.7
1621379372.2231615	100.0	100.0	100.0	70.6
1621379372.380757	60.0
1621379373.3858573	100.0	100.0	100.0	70.2
1621379373.5434496	60.0
1621379374.5490553	100.0	100.0	100.0	70.1
1621379374.7065048	60.0
1621379375.71198	100.0	100.0	100.0	70.3
1621379375.869575	60.0
1621379376.876007	100.0	100.0	100.0	70.3
1621379377.033869	53.3
1621379378.0399854	100.0	100.0	100.0	73.4
1621379378.19833	60.0
1621379379.2039456	100.0	100.0	100.0	72.0
1621379379.3613486	60.0
1621379380.3679054	100.0	100.0	100.0	73.3
1621379380.5259871	66.7
1621379381.5319483	100.0	100.0	100.0	73.0
1621379381.6892874	66.7
1621379382.6955338	100.0	100.0	100.0	73.9
1621379382.8533356	53.3
1621379383.8595235	100.0	100.0	100.0	73.0
1621379384.0168445	60.0
1621379385.0233254	100.0	100.0	100.0	72.2
1621379385.1821108	60.0
1621379386.1879675	100.0	100.0	100.0	72.5
1621379386.3459346	66.7
1621379387.352007	100.0	100.0	100.0	74.1
1621379387.510812	60.0
1621379388.517123	100.0	100.0	100.0	72.5
1621379388.6749117	53.3
1621379389.681699	100.0	100.0	100.0	70.3
1621379389.8398066	53.3
1621379390.8464596	100.0	100.0	100.0	70.1
1621379391.0041587	60.0
1621379392.0103889	100.0	100.0	100.0	70.7
1621379392.168465	60.0
1621379393.1748307	100.0	100.0	100.0	71.2
1621379393.3324008	53.3
1621379394.3387377	100.0	100.0	100.0	71.3
1621379394.496777	53.3
1621379395.502795	100.0	100.0	100.0	70.5
1621379395.6605892	60.0
1621379396.6668952	100.0	100.0	100.0	70.3
1621379396.8243904	60.0
1621379397.8311033	100.0	100.0	100.0	71.2
1621379397.9893296	53.3
1621379398.99567	100.0	100.0	100.0	75.2
1621379399.153553	73.3
1621379400.1599658	100.0	100.0	100.0	81.7
1621379400.3182795	73.3
1621379401.323995	100.0	100.0	100.0	80.7
1621379401.4818792	80.0
1621379402.4880254	100.0	100.0	100.0	81.7
1621379402.646053	73.3
1621379403.65199	100.0	100.0	100.0	80.6
1621379403.8105366	80.0
1621379404.8170972	100.0	100.0	100.0	81.2
1621379404.9748073	73.3
1621379405.981169	100.0	100.0	100.0	80.6
1621379406.138641	73.3
1621379407.1461968	100.0	100.0	100.0	81.7
1621379407.30411	73.3
1621379408.3106685	100.0	100.0	100.0	81.1
1621379408.4688387	73.3
1621379409.4758978	100.0	100.0	100.0	91.5
1621379409.633487	86.7
1621379410.6399765	100.0	100.0	100.0	92.0
1621379410.799204	86.7
1621379411.8062258	100.0	100.0	100.0	92.1
1621379411.9660416	87.5
1621379412.9734333	100.0	100.0	100.0	92.1
1621379413.1320934	93.3
1621379414.226059	100.0	100.0	69.8	72.2
1621379414.3848279	93.3
1621379415.391989	100.0	100.0	65.2	65.8
1621379415.550265	106.7
1621379416.5566728	100.0	100.0	64.7	66.0
1621379416.7153485	93.8
1621379417.7228498	100.0	100.0	66.2	67.1
1621379417.882499	100.0
1621379418.890527	100.0	100.0	66.4	69.3
1621379419.0492854	113.3
1621379420.05494	100.0	100.0	70.9	70.0
1621379420.2135646	120.0
1621379421.2197971	100.0	100.0	71.1	70.1
1621379421.3793662	106.7
1621379422.385278	100.0	100.0	68.9	70.9
1621379422.5440087	120.0
1621379423.551428	100.0	100.0	70.2	72.3
1621379423.710904	113.3
1621379424.7180977	100.0	100.0	70.1	72.1
1621379424.8767173	120.0
1621379425.883676	100.0	100.0	71.3	70.5
1621379426.0435877	113.3
1621379427.050006	100.0	100.0	69.8	70.2
1621379427.2092054	113.3
1621379428.215781	100.0	100.0	68.9	70.4
1621379428.3753157	106.2
1621379429.381756	100.0	100.0	38.8	38.6
1621379429.5398912	20.0
1621379430.5905132	100.0	100.0	87.9	52.4
1621379430.7489774	20.0
1621379431.754633	100.0	100.0	100.0	55.8
1621379431.9122593	20.0
1621379432.9188058	100.0	100.0	100.0	54.7
1621379433.0768998	26.7
1621379434.0829036	100.0	100.0	100.0	53.3
1621379434.2406075	20.0
1621379435.2465827	100.0	100.0	100.0	55.1
1621379435.4046323	20.0
1621379436.4100406	57.6	56.5	54.7	53.3
1621379436.5659058	20.0
1621379438.6961746	67.6	74.2	38.2	61.7
1621379438.8565335	80.0
1621379440.2401478	100.0	100.0	21.3	86.5
1621379440.3999481	86.7
1621379441.777479	100.0	100.0	16.7	85.5
1621379441.936662	80.0
1621379443.307741	100.0	100.0	17.8	86.0
1621379443.4676197	86.7
1621379444.8408427	100.0	100.0	11.2	84.5
1621379445.0010035	80.0
1621379446.3747141	100.0	100.0	12.4	85.0
1621379446.5335863	80.0
1621379447.9240866	100.0	100.0	15.0	85.2
1621379448.0833895	86.7
1621379449.4550183	100.0	100.0	13.1	82.6
1621379449.6137657	80.0
1621379450.9847705	100.0	100.0	14.1	81.9
1621379451.1436489	86.7
1621379452.5162792	100.0	100.0	10.6	82.7
1621379452.6747832	80.0
1621379454.0578568	100.0	100.0	16.3	81.4
1621379454.217286	73.3
1621379455.5897157	100.0	100.0	13.0	81.8
1621379455.7490432	80.0
1621379457.1315358	100.0	100.0	12.9	81.5
1621379457.2903621	80.0
1621379458.66387	99.3	100.0	22.1	76.2
1621379458.8218358	20.0
1621379460.1880422	94.7	98.0	92.2	31.3
1621379460.345865	13.3
1621379461.7240186	94.8	99.3	98.0	34.7
1621379461.881251	13.3
1621379463.2644491	98.0	100.0	96.2	34.1
1621379463.4234111	13.3
1621379464.798069	98.7	99.4	96.1	31.4
1621379464.969377	20.0
1621379466.33903	98.1	100.0	96.8	31.4
1621379466.4969535	13.3
1621379467.8718252	99.4	100.0	95.4	28.1
1621379468.0312328	6.7
1621379469.4060109	100.0	100.0	95.5	73.2
1621379469.5656483	100.0
1621379471.0120258	100.0	100.0	75.5	80.7
1621379471.1710153	120.0
1621379472.5560465	100.0	100.0	73.7	75.1
1621379472.7145593	120.0
1621379474.1040802	100.0	100.0	72.3	75.9
1621379474.2625918	120.0
1621379475.6409106	100.0	100.0	73.0	74.9
1621379475.799466	120.0
1621379477.182809	100.0	100.0	71.0	76.2
1621379477.3424594	126.7
1621379478.7281141	100.0	100.0	70.9	70.5
1621379478.886444	73.3
1621379480.3083324	100.0	100.0	21.1	74.4
1621379480.4677765	66.7
1621379481.835658	100.0	100.0	10.9	75.7
1621379481.9943576	66.7
1621379483.3674595	100.0	100.0	53.9	76.2
1621379483.5256813	62.5
1621379484.9001741	100.0	100.0	96.7	77.3
1621379485.0580573	66.7
1621379486.433917	100.0	100.0	96.8	77.7
1621379486.5918307	66.7
1621379487.9643095	100.0	100.0	98.7	78.1
1621379488.1221	73.3
1621379489.4960876	100.0	100.0	96.1	82.3
1621379489.6543891	80.0
1621379491.0297632	100.0	100.0	95.5	85.1
1621379491.1883314	80.0
1621379492.5760589	100.0	100.0	95.4	86.1
1621379492.7341416	80.0
1621379494.1148112	100.0	100.0	97.4	84.5
1621379494.2734385	80.0
1621379495.6521852	100.0	100.0	97.4	82.4
1621379495.8099375	73.3
1621379497.191224	100.0	100.0	96.8	81.1
1621379497.350064	73.3
1621379498.727648	100.0	100.0	96.8	85.1
1621379498.887227	100.0
1621379500.352156	100.0	99.4	90.9	96.3
1621379500.5112135	166.7
1621379501.9212363	98.7	60.4	92.9	95.6
1621379502.0814176	166.7
1621379504.4747639	100.0	88.4	87.7	91.9
1621379504.6336162	160.0
1621379506.0200334	100.0	100.0	85.7	90.9
1621379506.1792643	160.0
1621379507.568753	100.0	100.0	86.5	90.2
1621379507.7279751	160.0
1621379509.1216922	100.0	100.0	64.4	67.7
1621379509.2793527	33.3
1621379510.691314	88.1	100.0	27.5	59.8
1621379510.8504374	26.7
1621379512.2215016	79.7	100.0	31.3	60.4
1621379512.3800511	33.3
1621379513.7498486	55.4	100.0	60.6	60.7
1621379513.9085135	33.3
1621379515.275047	100.0	100.0	9.3	60.2
1621379515.4335063	33.3
1621379516.7974298	100.0	100.0	11.0	60.3
1621379516.9557111	25.0
1621379518.3196478	96.1	100.0	15.6	60.1
1621379518.4784	40.0
1621379519.8465261	53.0	100.0	60.7	78.4
1621379520.0054774	68.8
1621379521.3716834	8.8	100.0	100.0	80.0
1621379521.5299973	73.3
1621379522.8999755	13.2	100.0	100.0	79.7
1621379523.0587878	73.3
1621379524.4321096	52.0	100.0	62.7	80.6
1621379524.5921395	73.3
1621379525.9594567	84.1	100.0	28.0	80.0
1621379526.1183364	73.3
1621379527.4880314	100.0	100.0	11.6	80.1
1621379527.6466177	80.0
1621379529.0168889	100.0	100.0	18.4	75.7
1621379529.1752172	56.2
1621379530.5401194	92.2	100.0	78.3	69.2
1621379530.6982555	53.3
1621379532.125446	96.2	94.3	97.5	71.0
1621379532.284176	60.0
1621379533.2906988	94.9	91.4	97.4	69.6
1621379533.4491212	46.7
1621379534.4555814	97.4	90.5	98.3	69.2
1621379534.613322	53.3
1621379535.623293	96.6	90.6	98.3	69.2
1621379535.781136	60.0
1621379536.7875443	95.6	91.2	99.1	69.0
1621379536.9456685	50.0
1621379537.9519613	97.4	88.8	94.9	68.9
1621379538.109444	46.7
1621379539.115996	95.7	94.9	99.1	73.4
1621379539.273748	73.3
1621379540.2800164	95.7	96.6	97.4	77.9
1621379540.4373755	66.7
1621379541.4438782	95.7	94.8	96.6	77.5
1621379541.6019151	73.3
1621379542.6079285	96.6	94.8	96.6	77.7
1621379542.765546	68.8
1621379543.772022	96.5	94.7	97.4	78.7
1621379543.9297526	66.7
1621379544.935988	95.7	97.4	98.3	77.3
1621379545.0935948	73.3
1621379546.1000266	95.7	94.8	97.4	77.9
1621379546.2575285	73.3
1621379547.2639742	94.8	95.7	95.7	77.9
1621379547.4218645	73.3
1621379548.4282286	95.6	95.7	95.7	77.5
1621379548.585754	53.3
1621379549.5919642	96.6	89.7	98.3	67.2
1621379549.7493563	46.7
1621379550.7553227	98.3	89.5	99.1	65.9
1621379550.912717	46.7
1621379551.9184153	97.5	89.7	100.0	66.1
1621379552.0762095	46.7
1621379553.082406	96.6	89.6	96.6	66.7
1621379553.2400672	53.3
1621379554.2462554	97.4	89.6	99.1	65.7
1621379554.404144	46.7
1621379555.4106915	95.7	91.4	98.3	67.2
1621379555.5683594	46.7
1621379556.5745914	97.4	89.7	99.1	66.1
1621379556.7324777	46.7
1621379557.7385566	98.3	88.9	94.9	67.1
1621379557.8966792	53.3
1621379558.9027236	96.6	89.7	96.6	69.0
1621379559.0605133	66.7
1621379560.0665197	94.0	93.1	97.4	74.1
1621379560.224166	66.7
1621379561.2297738	96.6	94.7	97.4	74.8
1621379561.3874528	60.0
1621379562.39363	97.4	92.2	98.3	74.5
1621379562.5517793	66.7
1621379563.5580668	96.6	94.9	97.4	74.8
1621379563.715784	66.7
1621379564.721773	94.8	94.8	96.6	74.1
1621379564.8788846	66.7
1621379565.884981	96.6	94.8	98.3	73.4
1621379566.0440676	60.0
1621379567.0500326	97.4	92.9	97.4	73.4
1621379567.2084007	60.0
1621379568.2152667	95.7	92.4	96.5	73.9
1621379568.3724885	66.7
1621379569.378902	91.2	98.3	94.0	93.7
1621379569.5383554	100.0
1621379570.6155276	89.5	95.1	76.4	77.7
1621379570.773463	120.0
1621379571.7792532	93.9	91.5	71.5	73.3
1621379571.938848	120.0
1621379572.9458485	91.5	96.6	70.6	75.2
1621379573.1042378	120.0
1621379574.1108236	93.9	91.4	69.9	74.8
1621379574.2690287	120.0
1621379575.2759874	92.2	93.9	72.0	73.6
1621379575.4351492	112.5
1621379576.4419954	91.5	93.2	71.3	73.1
1621379576.600075	126.7
1621379577.606066	93.1	94.8	72.8	71.3
1621379577.7649055	126.7
1621379578.7714293	91.2	94.0	73.1	77.5
1621379578.9299867	153.3
1621379579.9371963	94.0	91.3	82.8	87.6
1621379580.096372	156.2
1621379581.1037107	93.0	96.5	83.2	84.0
1621379581.2627523	160.0
1621379582.2693539	90.6	94.9	84.0	85.6
1621379582.4274046	166.7
1621379583.4352798	90.5	98.3	82.6	87.5
1621379583.5952399	143.8
1621379584.602648	94.1	95.7	82.6	86.8
1621379584.762248	160.0
1621379585.768736	91.4	94.8	84.0	86.9
1621379585.9278197	153.3
1621379586.9349196	90.6	94.9	82.7	85.3
1621379587.0940711	173.3
1621379588.0999804	93.0	96.6	84.3	86.2
1621379588.2586348	166.7
1621379589.265185	95.7	89.5	37.0	34.2
1621379589.4235144	13.3
1621379590.483922	97.5	84.3	85.1	21.8
1621379590.641402	20.0
1621379591.6463776	98.3	80.7	99.1	26.2
1621379591.8044372	13.3
1621379592.8090215	97.5	80.0	96.6	25.2
1621379592.9672604	13.3
1621379593.9742544	97.4	83.5	98.3	24.6
1621379594.1320837	13.3
1621379595.1373107	98.3	82.5	99.1	24.2
1621379595.2954462	18.8
1621379596.300767	97.4	82.1	99.1	26.6
1621379596.4587164	13.3
1621379597.4645967	98.3	81.7	94.8	23.1
1621379597.6230462	20.0
1621379598.6286683	97.4	84.5	98.3	35.2
1621379598.787128	86.7
1621379599.7941768	94.0	97.4	97.4	84.1
1621379599.9529111	80.0
1621379600.9599805	92.2	97.4	95.7	83.5
1621379601.1187983	80.0
1621379602.1257007	95.7	97.4	95.7	83.1
1621379602.2837386	73.3
1621379603.2903576	96.5	97.5	94.8	82.7
1621379603.448991	73.3
1621379604.4572525	93.0	98.3	94.0	83.6
1621379604.6144865	80.0
1621379605.620253	92.2	97.4	95.7	83.5
1621379605.7771258	80.0
1621379606.7833366	93.1	96.6	96.6	82.4
1621379606.9418483	80.0
1621379607.9479508	94.9	96.6	94.8	82.9
1621379608.1067398	80.0
1621379609.113165	91.3	99.1	93.1	92.1
1621379609.2712846	93.3
1621379610.3623376	92.0	93.4	86.3	88.8
1621379610.520733	140.0
1621379611.5272546	91.4	94.0	77.0	79.0
1621379611.687311	140.0
1621379612.6948128	91.4	96.6	76.4	78.4
1621379612.8547282	140.0
1621379613.8622591	92.2	93.9	79.0	79.9
1621379614.0209842	140.0
1621379615.0266273	89.6	94.1	75.9	80.0
1621379615.1858447	137.5
1621379616.1929753	93.9	93.2	79.3	79.6
1621379616.3522072	140.0
1621379617.3591058	93.9	94.0	76.6	79.0
1621379617.5189657	146.7
1621379618.5264256	93.2	92.2	75.2	79.7
1621379618.6852639	87.5
1621379619.7543252	92.7	96.7	87.3	84.7
1621379619.913352	86.7
1621379620.9200587	87.4	100.0	92.3	87.3
1621379621.0792153	86.7
1621379622.0847452	93.0	98.3	94.7	87.9
1621379622.244256	93.3
1621379623.3156705	91.1	93.5	68.5	68.9
1621379623.473736	100.0
1621379624.4799492	93.2	98.3	64.8	66.2
1621379624.638105	100.0
1621379625.645091	94.0	93.2	65.0	65.4
1621379625.8038745	93.3
1621379626.8098826	89.7	94.9	63.4	65.2
1621379626.968339	86.7
1621379628.030448	95.0	95.9	89.1	85.2
1621379628.1895146	80.0
1621379629.1959023	95.8	91.6	97.5	68.0
1621379629.3527467	26.7
1621379630.3586016	98.3	86.1	99.1	59.8
1621379630.5164022	26.7
1621379631.5217986	98.3	86.2	98.3	60.2
1621379631.6795683	33.3
1621379632.6850982	99.1	84.1	97.4	60.1
1621379632.8429928	33.3
1621379633.848823	98.3	87.2	97.4	61.2
1621379634.0063772	26.7
1621379635.011972	98.3	84.5	98.3	60.1
1621379635.1694818	26.7
1621379636.1754153	97.4	86.2	99.1	60.4
1621379636.3328228	26.7
1621379637.338567	99.1	85.0	97.3	60.4
1621379637.4962506	33.3
1621379638.501497	99.1	85.7	98.3	61.1
1621379638.6594353	66.7
1621379639.666396	94.8	96.5	96.6	76.5
1621379639.823905	73.3
1621379640.8301868	96.5	96.6	98.3	76.8
1621379640.987725	73.3
1621379641.992754	95.6	96.5	98.3	77.3
1621379642.1502025	66.7
1621379643.1559868	95.7	94.1	97.4	77.0
1621379643.313531	66.7
1621379644.3199728	96.6	97.4	98.3	76.3
1621379644.4776883	73.3
1621379645.4839375	94.8	96.6	97.4	76.6
1621379645.6414094	66.7
1621379646.6467443	95.7	94.8	97.4	77.2
1621379646.8043525	73.3
1621379647.8107104	97.4	92.2	94.1	77.5
1621379647.9692082	66.7
1621379648.9757628	97.4	88.7	97.5	68.2
1621379649.1335397	33.3
1621379650.1398168	98.3	86.1	99.1	59.9
1621379650.2970266	26.7
1621379651.30272	97.5	86.3	98.3	61.1
1621379651.4605842	33.3
1621379652.466527	98.3	85.2	98.3	60.1
1621379652.6231499	26.7
1621379653.6292653	98.3	86.1	98.3	60.7
1621379653.7870543	33.3
1621379654.795914	98.3	85.3	99.1	60.7
1621379654.9533138	26.7
1621379655.9599512	98.3	87.0	100.0	60.4
1621379656.1171496	33.3
1621379657.1228359	98.3	84.9	97.4	60.2
1621379657.2810886	33.3
1621379658.2864947	99.1	84.5	98.3	60.6
1621379658.4438865	40.0
1621379659.4490485	90.4	97.4	93.9	92.8
1621379659.6079772	100.0
1621379660.6845183	87.8	96.8	87.3	91.0
1621379660.8430283	133.3
1621379661.8500388	89.7	95.7	76.1	77.7
1621379662.0083585	140.0
1621379663.0159464	87.1	94.8	78.0	77.4
1621379663.1761708	131.2
1621379664.1832478	89.4	97.4	77.3	79.4
1621379664.342219	133.3
1621379665.3480709	87.0	98.3	77.4	79.4
1621379665.5075471	133.3
1621379666.5143373	93.0	91.2	75.7	79.9
1621379666.673197	133.3
1621379667.6800022	92.3	94.1	77.0	79.6
1621379667.8386905	140.0
1621379668.844699	90.4	93.0	71.1	71.6
1621379669.0032	86.7
1621379670.0719845	95.2	95.9	90.2	74.1
1621379670.2299523	66.7
1621379671.2359395	96.6	95.7	98.3	75.5
1621379671.393649	66.7
1621379672.3999279	95.6	96.6	97.4	76.3
1621379672.5574722	66.7
1621379673.5637946	95.7	95.7	98.3	76.3
1621379673.7214148	73.3
1621379674.7273686	96.6	96.6	99.1	76.3
1621379674.8849506	73.3
1621379675.89125	97.4	95.0	97.4	77.0
1621379676.0492604	60.0
1621379677.0554092	95.7	94.8	97.4	76.3
1621379677.213612	66.7
1621379678.2200267	98.3	92.2	94.0	75.8
1621379678.3776953	66.7
1621379679.3839846	96.6	87.8	98.3	59.2
1621379679.5410209	26.7
1621379680.5468135	98.3	82.6	99.1	55.3
1621379680.7048967	20.0
1621379681.7112548	97.4	84.5	99.1	53.9
1621379681.8687441	26.7
1621379682.8747432	99.1	84.2	98.3	55.5
1621379683.0323284	20.0
1621379684.040723	98.3	84.5	98.3	56.5
1621379684.1982288	26.7
1621379685.2040818	98.3	82.6	98.3	54.6
1621379685.3619094	20.0
1621379686.3682392	99.1	83.5	99.1	54.9
1621379686.524974	20.0
1621379687.531272	99.1	82.8	97.4	54.9
1621379687.6894433	20.0
1621379688.6951408	96.6	85.5	97.5	60.4
1621379688.854146	93.3
1621379689.9219239	89.3	95.1	70.3	71.8
1621379690.0809429	113.3
1621379691.0875876	90.5	94.9	66.7	68.0
1621379691.2455022	100.0
1621379692.2514322	90.5	91.5	66.2	67.3
1621379692.4097862	100.0
1621379693.4159632	94.1	95.7	66.9	67.3
1621379693.5729747	106.7
1621379694.5792553	94.1	94.8	66.7	69.3
1621379694.738807	106.7
1621379695.7463326	90.7	96.6	67.7	67.5
1621379695.9040298	106.7
1621379696.9095051	91.3	96.6	65.6	68.0
1621379697.0683177	106.7
1621379698.0760412	94.8	93.1	66.2	70.1
1621379698.2335684	113.3
1621379699.2394419	96.6	41.4	60.7	60.1
1621379699.3967166	60.0
1621379700.455079	100.0	10.0	13.2	68.4
1621379700.612798	60.0
1621379701.6191454	58.1	7.3	51.3	69.7
1621379701.7775285	60.0
1621379702.7838883	100.0	7.9	6.2	70.5
1621379702.9420142	53.3
1621379703.9481077	100.0	4.6	3.6	70.1
1621379704.1062593	60.0
1621379705.1122944	100.0	13.4	5.5	70.6
1621379705.2701972	53.3
1621379706.2770524	100.0	10.3	3.6	70.1
1621379706.4358466	50.0
1621379707.442444	88.7	12.1	20.4	70.5
1621379707.5998225	53.3
1621379708.606788	100.0	6.3	2.8	69.3
1621379708.7647853	46.7
1621379709.7713661	100.0	6.2	5.4	65.2
1621379709.9289668	40.0
1621379710.9355752	78.4	10.9	25.7	65.7
1621379711.09326	40.0
1621379712.0996754	17.6	11.4	43.5	66.1
1621379712.2564697	40.0
1621379713.2965558	9.8	6.0	6.1	65.4
1621379713.4526534	46.7
1621379714.527053	87.1	11.3	4.3	65.4
1621379714.684807	46.7
1621379715.6904898	100.0	9.5	4.4	65.7
1621379715.8489838	40.0
1621379716.8553908	100.0	12.4	3.6	65.6
1621379717.0130215	46.7
1621379718.0195425	100.0	7.1	5.4	65.5
1621379718.1767738	46.7
1621379719.1831863	100.0	7.1	3.6	70.7
1621379719.3416865	66.7
1621379720.347385	88.8	10.6	18.9	73.2
1621379720.5053651	56.2
1621379721.509849	12.8	7.2	95.7	73.7
1621379721.6684809	60.0
1621379722.6753123	98.3	9.6	5.5	74.2
1621379722.8334773	60.0
1621379723.8381646	100.0	9.7	6.3	73.2
1621379723.9963315	60.0
1621379725.0027015	100.0	10.5	3.7	74.1
1621379725.1614614	60.0
1621379726.167433	71.6	13.7	34.8	73.4
1621379726.325989	60.0
1621379727.3316278	82.1	8.8	25.7	73.6
1621379727.4893866	66.7
1621379728.4954612	100.0	36.8	35.1	74.8
1621379728.6537337	53.3
1621379729.6600568	100.0	100.0	100.0	72.7
1621379729.8187568	53.3
1621379730.8252141	90.7	100.0	90.5	72.5
1621379730.9833384	60.0
1621379731.9896035	100.0	100.0	100.0	75.3
1621379732.1474721	66.7
1621379733.1537914	100.0	100.0	100.0	73.6
1621379733.311785	66.7
1621379734.319047	100.0	100.0	100.0	73.9
1621379734.477709	60.0
1621379735.4834101	100.0	100.0	100.0	73.4
1621379735.6414862	66.7
1621379736.647412	100.0	100.0	100.0	73.0
1621379736.8056018	62.5
1621379737.8112988	100.0	100.0	100.0	74.1
1621379737.9692614	60.0
1621379738.9747028	100.0	100.0	100.0	84.2
1621379739.1347501	100.0
1621379740.2360196	100.0	100.0	77.6	76.5
1621379740.3953333	118.8
1621379741.4026573	100.0	100.0	69.4	72.4
1621379741.5629292	113.3
1621379742.5699847	100.0	100.0	69.7	72.7
1621379742.7298934	113.3
1621379743.7371752	100.0	100.0	70.7	71.2
1621379743.897814	113.3
1621379744.9055758	100.0	100.0	71.6	72.7
1621379745.0640385	113.3
1621379746.071006	100.0	100.0	70.9	70.5
1621379746.2298603	113.3
1621379747.2359931	100.0	100.0	68.8	73.3
1621379747.393508	106.7
1621379748.3996325	100.0	100.0	66.9	67.8
1621379748.5580862	60.0
1621379749.6170924	100.0	100.0	89.9	62.4
1621379749.7749357	40.0
1621379750.7808545	100.0	100.0	100.0	63.9
1621379750.9385881	40.0
1621379751.945038	100.0	100.0	100.0	65.2
1621379752.103089	46.7
1621379753.1093583	100.0	100.0	100.0	64.4
1621379753.266988	46.7
1621379754.2724237	100.0	100.0	100.0	63.7
1621379754.4299328	46.7
1621379755.4350345	100.0	100.0	100.0	64.8
1621379755.5923924	40.0
1621379756.597693	100.0	100.0	100.0	64.3
1621379756.7551713	37.5
1621379757.7602975	100.0	100.0	100.0	65.0
1621379757.9176443	46.7
1621379758.9239678	100.0	100.0	100.0	66.5
1621379759.0815074	53.3
1621379760.0879598	100.0	100.0	100.0	70.5
1621379760.2453246	50.0
1621379761.2519634	100.0	100.0	100.0	69.2
1621379761.409777	53.3
1621379762.4163187	100.0	100.0	100.0	69.0
1621379762.573681	60.0
1621379763.5801175	100.0	100.0	100.0	69.9
1621379763.737379	53.3
1621379764.7431488	100.0	100.0	100.0	69.5
1621379764.9003627	60.0
1621379765.9066045	100.0	100.0	100.0	68.6
1621379766.0647001	53.3
1621379767.0709422	71.4	63.7	100.0	68.2
1621379767.229802	53.3
1621379768.2360206	44.6	41.4	100.0	69.6
1621379768.395583	62.5
1621379769.4024944	100.0	100.0	100.0	94.4
1621379769.562003	106.7
1621379770.7907379	100.0	100.0	99.3	100.0
1621379771.0327332	158.8
1621379772.0855024	100.0	100.0	100.0	100.0
1621379772.2944002	175.0
1621379773.4054155	100.0	100.0	100.0	100.0
1621379773.6364744	187.5
1621379774.7285898	100.0	100.0	100.0	100.0
1621379774.9784658	193.8
1621379776.0301452	100.0	100.0	100.0	100.0
1621379776.2305012	162.5
1621379777.299629	100.0	100.0	100.0	100.0
1621379777.4589915	200.0
1621379778.4673176	100.0	100.0	100.0	100.0
1621379778.6276538	200.0
1621379779.6354737	100.0	100.0	100.0	100.0
1621379779.7969031	193.8
1621379780.8053982	100.0	100.0	100.0	100.0
1621379780.9660063	187.5
1621379781.9742374	100.0	100.0	100.0	100.0
1621379782.1338696	200.0
1621379783.1400392	100.0	100.0	100.0	100.0
1621379783.3001375	200.0
1621379784.3083677	100.0	100.0	100.0	100.0
1621379784.468397	200.0
1621379785.4759455	100.0	100.0	100.0	99.1
1621379785.6334128	200.0
1621379786.6399848	100.0	100.0	92.7	91.9
1621379786.7980533	46.7
1621379787.8547387	100.0	100.0	89.1	63.6
1621379788.0127919	40.0
1621379789.0181549	100.0	100.0	100.0	78.0
1621379789.1761987	100.0
1621379790.2492037	100.0	100.0	73.8	77.2
1621379790.4074018	113.3
1621379791.414796	100.0	100.0	69.9	68.5
1621379791.5739934	113.3
1621379792.5808356	100.0	100.0	70.7	69.9
1621379792.7382042	113.3
1621379793.7439632	100.0	100.0	68.2	71.3
1621379793.90188	106.7
1621379794.9079945	100.0	100.0	69.4	70.1
1621379795.0665498	113.3
1621379796.073262	100.0	100.0	70.1	71.2
1621379796.232147	113.3
1621379797.239956	100.0	100.0	70.6	71.9
1621379797.3988302	113.3
1621379798.4051013	100.0	100.0	68.5	71.9
1621379798.5636766	100.0
1621379799.5710263	100.0	100.0	64.3	65.4
1621379799.7293437	106.7
1621379800.735472	100.0	100.0	63.8	64.6
1621379800.894284	86.7
1621379801.9535224	100.0	100.0	92.1	84.0
1621379802.1130009	86.7
1621379803.1200738	100.0	100.0	100.0	86.7
1621379803.2787669	86.7
1621379804.2854047	100.0	100.0	100.0	85.3
1621379804.4437284	80.0
1621379805.4503162	100.0	100.0	100.0	86.7
1621379805.609362	80.0
1621379806.6160588	100.0	100.0	100.0	85.4
1621379806.7735157	80.0
1621379807.7800562	100.0	84.3	83.2	88.5
1621379807.9389427	93.3
1621379809.0093563	100.0	100.0	78.0	78.6
1621379809.171395	146.7
1621379810.1796815	100.0	100.0	81.7	86.2
1621379810.3384216	160.0
1621379811.3450649	100.0	100.0	82.6	85.5
1621379811.5060816	137.5
1621379812.5138354	100.0	100.0	83.6	84.6
1621379812.6747947	153.3
1621379813.6822138	46.2	98.3	76.9	79.9
1621379813.839554	126.7
1621379814.8463504	21.7	39.4	73.6	76.8
1621379815.0062666	118.8
