root@client-measure-kr6b:/home/ubuntu/memcache-perf-dynamic# ./mcperf -s 10.156.15.215 -a 10.156.15.217 --noload -T 16 -C 4 -D 4 -Q 1000 -c 4 -t 1800 --qps_interval 10 --qps_min 5000 --qps_max 100000 --qps_seed 42
Random waveform, supplied seed
Total number of intervals = 180 (5031, 54838, 74868, 30015, 40743, 23648, 97712, 53672, 55395, 29425, 15173, 82475, 90555, 47944, 28313, 28504, 22886, 35717, 14828, 81704, 55771, 85226, 75020, 12441, 56208, 17446, 86943, 49138, 49839, 47752, 27181, 6170, 7187, 99387, 91970, 79658, 59230, 78081, 64242, 37702, 40686, 30376, 38416, 65892, 39560, 10016, 55224, 19982, 48114, 36283, 23315, 11150, 98724, 56880, 13467, 99368, 46206, 71651, 22741, 56654, 99570, 23047, 70008, 42943, 46704, 75970, 21917, 82027, 81583, 14259, 7821, 17727, 65559, 41133, 28693, 53141, 54512, 14835, 98446, 38117, 77994, 30209, 68315, 91940, 49308, 46880, 92540, 49396, 97841, 35404, 80451, 87228, 75554, 57964, 83546, 55468, 34203, 37629, 34577, 47426, 58845, 66993, 10977, 51529, 48344, 5902, 71602, 41886, 47456, 93939, 16890, 45689, 32790, 44044, 28149, 39739, 72475, 93882, 6692, 50406, 83055, 55609, 16968, 43031, 17236, 82183, 42212, 12244, 61777, 36984, 29093, 41715, 34838, 63574, 24401, 32025, 98971, 23657, 67877, 53849, 79536, 17081, 39024, 26125, 33388, 20979, 95865, 73949, 60987, 54175, 51484, 39771, 32864, 42033, 43808, 45785, 35582, 38504, 15320, 74264, 43890, 5962, 38365, 55971, 23217, 87681, 91728, 96668, 80475, 27150, 53444, 23737, 87776, 82175, 98548, 37704, 64701, 69089, 89785, 16676)
Average QPS expected = 50230
Timestamp start: 1621378408082
Timestamp end: 1621380208521

#type       avg     std     min      p5     p10     p50     p67     p75     p80     p85     p90     p95     p99    p999   p9999      QPS   target
read      315.9   507.7    74.4   149.1   186.2   270.6   311.3   338.3   360.5   387.9   423.6   480.2   758.5  5654.2 28603.0   5033.4     5031
read      469.4   516.0    63.8   113.3   133.0   304.5   398.3   478.6   562.0   823.0  1243.5  1591.6  2022.6  2713.9 12364.6  54641.5    54838
read      401.3   437.8    63.8   114.0   136.6   325.2   404.5   457.7   500.1   555.4   636.9   854.0  1994.9  4074.2 12487.3  74719.2    74868
read      482.0   657.7    68.9   110.1   130.5   319.7   435.7   546.0   741.9   951.2  1084.4  1236.0  1639.6  7155.3 31010.6  29900.3    30015
read      516.0   835.1    68.9   109.2   129.7   323.9   416.0   495.1   579.0  1011.9  1318.0  1548.0  2117.8  9095.0 31719.4  40723.3    40743
read      499.5   910.0    68.9   109.8   130.7   318.7   457.7   629.8   784.0   898.8   997.8  1121.9  1883.7  9786.1 32500.8  23632.3    23648
read      781.4  1309.3    63.8   130.2   168.9   409.6   528.9   708.7  1039.1  1736.4  2078.4  2456.6  3924.7 18321.5 35935.4  97673.9    97712
read      554.0  1404.6    68.9   150.4   214.3   433.0   482.3   519.7   564.2   688.3   822.0   936.0  2147.5 30736.3 37382.7  53713.0    53672
read      478.5   741.2    63.8   103.7   121.3   297.5   381.8   435.4   486.3   558.4  1398.3  1906.6  2389.3  7376.0 28621.0  55394.9    55395
read      498.3   811.3    68.9   110.0   130.8   317.7   435.3   561.1   814.2   979.8  1101.8  1244.6  1651.4  9126.7 31827.8  29477.9    29425
read      513.0  1258.9    68.9   112.7   137.8   336.0   475.9   591.8   650.6   708.3   787.0   913.0  4310.8 20958.1 37073.7  15138.7    15173
read      432.6   646.5    63.8   117.1   143.8   344.1   417.9   466.2   508.4   572.1   669.4   904.1  2054.9  8533.4 30298.8  82278.8    82475
read      379.2   462.9    63.8   116.8   141.9   328.8   402.1   448.5   485.4   533.2   601.4   719.6  1243.2  5664.1 15592.3  90500.0    90555
read      481.8   671.5    63.8   108.0   127.0   320.9   412.1   474.4   530.6   622.4  1262.0  1690.7  2238.2  7064.8 25811.2  48027.7    47944
read      468.5   514.3    63.8   111.4   131.5   316.9   440.6   569.8   813.5   958.5  1070.0  1194.7  1425.1  5584.4 16354.4  28353.3    28313
read      690.3  1500.0    63.8   117.1   141.1   363.4   568.5   794.9   934.6  1058.0  1226.3  1964.2  5528.5 29170.1 38489.6  28541.5    28504
read      484.4   864.3    68.9   113.1   136.0   333.9   463.9   566.5   688.6   835.8   953.5  1094.7  1749.1 11461.7 32068.0  22847.5    22886
read      618.9  1369.9    63.8   112.5   135.6   344.5   457.8   574.0   843.2  1107.1  1300.8  1570.5  4123.5 27909.1 37901.1  35712.2    35717
read      499.8  1185.2    68.9   113.3   138.1   337.6   477.9   587.0   645.0   700.6   779.9   903.6  3848.5 13842.5 37324.9  14915.9    14828
read      457.7   617.1    63.8   119.8   147.2   352.2   427.3   478.0   527.2   601.6   723.0  1393.9  2358.2  6367.0 27269.6  81595.2    81704
read      445.4   607.9    63.8   108.7   128.2   313.0   398.4   452.2   496.7   558.7   685.6  1685.5  2347.1  5453.4 18425.6  55785.3    55771
read      450.1   591.9    68.9   121.5   150.2   356.9   429.1   475.7   519.9   591.2   708.9  1062.8  2164.6  6561.1 21942.8  85117.5    85226
read      393.5   502.3    63.8   113.4   135.3   325.8   406.1   456.6   494.9   543.4   616.4   766.3  2110.1  5460.1 21025.5  75092.6    75020
read      471.3  1161.4    68.9   115.4   140.8   331.5   448.5   532.8   583.3   634.3   691.5   812.6  3190.7 15833.0 37417.2  12433.5    12441
read      463.9   648.6    59.1   104.7   122.8   301.6   387.2   441.2   490.4   558.6   911.4  1873.1  2353.5  5300.8 17666.9  56256.0    56208
read      505.7  1149.0    68.9   110.2   132.6   326.5   476.1   616.1   690.5   780.7   860.6   975.9  3250.8 15327.7 36245.1  17425.6    17446
read      415.6   571.4    63.8   117.6   144.3   340.3   412.5   458.8   498.4   554.6   646.1   819.4  2005.4  6049.8 18183.4  86824.8    86943
read      471.5   644.1    63.8   104.7   122.6   309.9   396.6   455.6   507.8   589.2  1327.1  1717.2  2163.4  6285.7 20638.5  49129.4    49138
read      474.0   606.3    63.8   103.0   119.9   304.5   390.8   447.8   498.8   576.6  1458.3  1810.1  2205.0  4624.3 16730.2  49932.1    49839
read      479.4   649.8    63.8   103.0   119.6   306.3   393.1   451.7   503.3   586.3  1458.3  1758.4  2177.9  6134.8 19681.5  47681.8    47752
read      481.4   614.4    68.9   109.3   129.6   317.5   457.2   627.9   825.5   942.2  1042.3  1168.5  1492.3  6503.7 28951.5  27129.5    27181
read      455.3  1597.9    68.9   129.4   165.3   282.3   344.2   382.0   408.9   440.3   483.7   565.3  4471.5 31285.0 37735.9   6212.0     6170
read      474.4  1626.9    74.4   125.1   158.7   292.2   369.4   414.1   444.2   477.9   521.1   603.8  4981.1 31245.4 40918.2   7209.5     7187
read      411.7   520.3    63.8   123.4   152.7   348.9   418.8   461.5   498.2   551.3   643.7   800.5  1855.6  5665.7 20269.3  99298.3    99387
read      384.6   530.6    68.9   118.8   143.6   328.7   402.6   448.9   485.5   533.2   602.8   724.7  1375.2  6151.3 26580.0  91945.8    91970
read      388.5   514.3    68.9   115.2   137.2   324.4   402.7   450.8   488.0   536.4   609.2   745.2  2019.3  5160.5 17166.0  79611.7    79658
read      383.9   397.3    68.9   111.7   131.7   320.4   406.1   454.1   490.2   537.4   607.7   809.2  1858.0  4434.1  9490.0  59168.6    59230
read      383.0   444.4    63.8   113.9   135.5   321.7   400.0   448.6   485.7   533.6   606.3   748.8  1901.1  4711.8 12911.8  78139.8    78081
read      390.6   498.9    63.8   112.1   132.6   321.5   407.1   455.4   491.8   539.0   609.8   787.1  1962.8  5942.2 16376.5  64346.9    64242
read      487.7   665.1    63.8   110.2   130.5   325.4   421.7   504.6   595.9   969.5  1211.3  1409.0  1764.2  7359.7 30804.3  37703.4    37702
read      503.8   719.1    68.9   108.7   128.8   326.1   419.4   500.4   586.7  1029.5  1316.4  1529.9  1941.5  7288.2 30995.5  40843.9    40686
read      504.8   722.0    68.9   111.5   132.0   325.6   460.6   619.4   846.8   984.8  1103.6  1259.0  1660.8  8242.0 31142.2  30357.0    30376
read      527.5   866.0    63.8   109.1   129.4   332.2   433.0   522.7   636.2  1065.8  1308.6  1516.1  2009.0  9772.1 35183.9  38445.1    38416
read      393.8   485.6    63.8   112.1   132.4   318.0   402.1   451.4   488.7   537.2   611.2   811.6  2168.7  5264.5 13218.0  65905.9    65892
read      501.3   718.2    68.9   110.6   130.9   326.6   423.7   513.7   635.6  1027.1  1249.5  1451.8  1822.5  7814.1 31092.0  39590.7    39560
read      468.5  1245.3    68.9   118.4   144.8   319.5   425.7   487.8   526.4   568.8   619.7   724.0  4168.5 20426.8 35144.6   9940.9    10016
read      469.3   662.9    63.8   106.2   124.5   303.2   390.6   444.4   493.3   566.7  1050.8  1866.3  2344.0  6130.1 18687.1  55413.2    55224
read      508.6   966.9    68.9   111.2   133.4   329.0   486.6   653.4   765.9   850.2   934.8  1058.2  2856.6 10505.7 36256.8  19953.0    19982
read      488.9   708.0    68.9   104.3   121.7   310.3   398.2   458.4   511.5   607.9  1441.4  1763.8  2195.9  7554.9 29734.3  48194.6    48114
read      521.3   772.1    68.9   111.4   132.4   334.8   449.2   565.8   802.4  1044.3  1225.4  1413.6  1810.6  8072.5 31496.0  36339.3    36283
read      508.8   887.9    68.9   111.0   132.2   327.0   484.1   674.8   806.1   898.6   990.5  1114.6  2039.9  9313.4 32385.6  23336.6    23315
read      498.2  1318.5    68.9   116.9   143.1   332.6   451.9   521.8   566.3   613.5   683.7   800.1  4520.1 23435.2 37465.0  11186.2    11150
read      521.9   626.3    63.8   149.5   200.5   419.6   476.8   523.0   589.2   723.9   864.9  1462.1  2031.4  7364.1 25937.5  98712.7    98724
read      425.5   530.7    68.9   110.3   129.7   317.2   404.3   456.0   497.0   552.6   655.7  1389.5  2289.1  5064.4 15072.9  56888.9    56880
read      486.0  1134.1    68.9   115.6   140.0   336.5   463.5   555.6   609.3   671.5   747.4   852.6  3625.9 17120.6 35269.9  13437.4    13467
read      460.9   572.2    68.9   133.0   169.5   383.4   448.7   486.6   524.4   598.0   734.9   923.2  2130.7  6547.6 20844.0  99088.9    99368
read      492.7   757.1    63.8   106.0   123.4   316.2   403.6   464.6   520.7   621.4  1412.2  1715.7  2166.4  8238.0 30702.9  46191.9    46206
read      422.1   529.3    63.8   114.7   137.6   335.7   418.7   467.0   506.7   563.4   656.8   911.5  2518.5  5134.3 15193.1  71618.6    71651
read      516.4  1050.4    68.9   111.6   133.0   326.7   479.1   652.1   784.9   879.0   971.7  1094.9  2321.0 13550.0 36832.4  22713.1    22741
read      477.3   679.0    63.8   105.9   123.9   299.7   387.3   438.2   487.3   560.0  1348.0  1961.9  2425.9  5344.3 20583.8  56624.4    56654
read      417.8   555.1    63.8   126.9   156.8   354.7   428.0   468.6   504.2   560.0   653.6   814.8  1806.9  5719.4 24282.0  99410.7    99570
read      492.5   795.9    68.9   112.1   134.0   327.3   469.3   614.8   775.1   883.2   980.7  1101.5  1763.9  9120.7 32233.7  23014.5    23047
read      405.2   510.7    63.8   114.0   135.5   329.4   414.8   464.2   501.8   551.2   629.3   826.2  2292.9  4937.3 20239.7  70011.9    70008
read      490.2   666.5    63.8   106.3   124.7   325.8   416.9   480.6   540.1   662.4  1367.1  1640.8  2080.5  6759.8 27977.5  42874.6    42943
read      485.8   607.2    63.8   104.8   121.5   314.6   402.0   459.5   511.1   599.0  1478.1  1779.6  2194.5  4926.8 13407.9  46714.1    46704
read      445.2   594.8    63.8   118.4   143.2   349.8   430.2   481.7   525.8   588.9   701.4  1065.7  2405.7  5835.6 26055.8  76081.9    75970
read      507.7   893.6    68.9   112.7   135.1   332.2   487.0   665.6   796.6   890.6   982.7  1099.0  2029.2 10047.0 32250.1  21940.7    21917
read      801.6  1216.7    68.9   145.5   202.4   449.8   585.5   840.3  1324.9  1674.9  1961.6  2323.5  3579.8 15427.8 35407.5  81892.7    82027
read     1515.4  1996.6   109.4   403.0   437.5  1236.4  1849.9  2080.5  2229.9  2398.0  2571.0  2835.1  5128.2 31713.9 40940.4  81557.6    81583
read      726.3  2536.6    68.9   122.4   155.8   389.2   469.5   513.3   550.5   651.6   873.7  1706.8  7633.4 32496.7 37902.1  14216.0    14259
read      448.1  1250.4    68.9   119.2   147.4   303.2   389.3   443.3   476.7   514.4   564.7   673.3  4114.1 20401.1 36955.9   7837.4     7821
read      518.3  1142.4    68.9   110.9   133.7   335.0   488.1   636.3   742.5   816.7   895.7  1007.5  3587.2 13769.0 38796.6  17732.2    17727
read      407.8   544.0    68.9   114.0   135.6   331.1   418.7   468.1   505.3   554.6   631.9   832.1  2156.3  5791.8 19067.5  65407.5    65559
read      486.7   600.7    63.8   110.9   131.2   336.6   431.4   501.2   568.9   755.4  1261.5  1554.4  1981.2  5456.9 19710.5  41103.4    41133
read      508.2   612.9    63.8   113.4   135.8   342.2   485.3   642.9   854.3   997.5  1121.8  1270.8  1598.8  6020.4 28525.9  28836.2    28693
read      491.7   720.3    68.9   106.0   124.2   310.0   398.8   452.5   501.9   580.5  1461.5  1950.4  2403.5  6633.1 21960.0  53070.2    53141
read      468.6   704.1    68.9   108.6   128.3   320.9   410.2   461.9   506.0   573.4   757.9  1811.3  2406.3  6164.6 30626.2  54392.2    54512
read      542.4  1340.2    68.9   110.9   133.8   341.7   492.5   617.9   708.8   778.3   854.0   974.6  4850.1 29258.6 37366.1  14883.9    14835
read      468.8   584.2    63.8   136.4   175.3   394.4   462.7   503.9   543.2   614.6   744.9   945.0  2042.8  6670.7 25697.8  98632.5    98446
read      521.0   821.9    68.9   109.2   130.1   338.5   432.6   506.9   584.1  1010.9  1336.0  1556.1  1986.7  9536.9 31711.4  38182.9    38117
read      462.6   686.1    68.9   120.7   147.8   361.6   439.7   491.5   535.3   601.6   721.5  1080.7  2383.9  8632.5 30491.2  78039.1    77994
read      513.7   761.9    68.9   113.4   136.1   339.6   460.4   577.4   810.5  1011.5  1152.9  1311.2  1692.9  8540.2 32161.6  30268.1    30209
read      431.3   550.2    63.8   117.1   140.9   347.1   433.6   484.0   523.3   575.8   664.7   894.6  2542.9  5564.1 19065.7  68245.1    68315
read      404.2   511.7    63.8   124.0   151.6   347.3   426.0   471.6   508.6   559.1   635.9   774.7  1431.4  6318.7 20249.7  92134.7    91940
read      481.2   634.3    68.9   108.9   128.3   323.5   414.9   471.2   525.2   611.3  1174.7  1786.1  2299.7  5551.5 18594.9  49361.1    49308
read      497.8   659.6    68.9   105.4   123.4   317.6   409.4   470.4   531.6   658.3  1452.4  1805.2  2265.4  5446.5 20379.4  46919.8    46880
read      447.2   550.3    68.9   128.5   161.2   374.1   450.3   495.8   535.8   597.2   714.1   918.0  1950.7  6354.0 18052.5  92606.3    92540
read      482.3   625.2    68.9   106.7   125.5   318.4   409.0   466.9   521.6   612.7  1318.6  1792.0  2268.2  5072.0 18729.7  49410.7    49396
read      449.2   587.0    63.8   132.1   166.9   381.8   452.3   491.9   527.5   588.3   698.6   878.5  2046.9  7386.6 26956.6  97694.7    97841
read      503.2   686.3    63.8   112.7   134.4   341.2   442.5   529.1   627.9   986.1  1231.0  1435.7  1831.8  7201.3 30677.1  35400.4    35404
read      437.2   608.2    68.9   120.3   145.8   351.8   430.4   479.1   520.3   581.0   683.9   901.3  2130.8  7089.2 25216.2  80466.1    80451
read      398.3   520.6    68.9   121.2   146.7   340.0   418.9   465.5   502.2   549.4   623.9   757.1  1517.5  6462.9 21715.8  87351.1    87228
read      402.5   547.2    68.9   117.0   139.9   336.6   419.8   468.5   506.4   555.2   631.0   783.6  1963.1  5734.4 27956.5  75481.7    75554
read      415.9   545.7    68.9   113.6   134.4   328.8   418.1   467.2   505.3   556.7   639.2   946.9  2207.0  5560.7 20828.6  57782.1    57964
read      407.7   566.7    68.9   120.9   145.6   341.6   421.7   470.1   508.0   556.9   632.6   777.0  1917.1  6394.0 28785.2  83519.0    83546
read      461.1   634.0    63.8   111.3   131.4   323.1   412.7   464.8   508.8   574.5   724.7  1760.5  2417.5  6565.5 18747.5  55490.9    55468
read      523.5   713.9    63.8   113.2   135.6   343.3   459.7   571.3   788.4  1050.1  1231.3  1414.2  1821.5  7687.4 30476.8  34246.0    34203
read      516.2   757.3    68.9   110.4   131.0   337.8   432.9   509.5   589.6  1071.3  1336.4  1538.5  1926.7  8739.5 29478.1  37568.4    37629
read      510.2   626.7    68.9   113.4   136.1   340.3   444.6   540.4   705.2  1063.1  1246.5  1421.6  1762.0  7172.5 25128.6  34608.6    34577
read      499.3   727.9    68.9   106.7   124.8   318.8   408.3   465.7   519.5   610.8  1478.3  1837.4  2271.8  7946.7 23753.6  47517.4    47426
read      445.1   575.5    68.9   111.7   132.1   319.9   407.0   458.5   500.5   558.8   677.6  1678.0  2450.3  4903.9 15859.2  58774.7    58845
read      410.6   569.6    68.9   115.1   136.8   334.9   421.1   470.1   508.2   559.2   636.8   819.6  2197.3  6254.7 29001.1  66994.7    66993
read      492.2  1259.1    68.9   119.7   147.4   335.6   451.3   524.1   572.2   622.9   708.7   823.7  3885.4 22493.2 36187.0  10959.6    10977
read      492.3   667.6    68.9   109.3   127.3   315.3   404.0   457.2   507.1   588.7  1483.9  1947.8  2355.1  5017.1 21136.7  51527.9    51529
read      491.5   656.5    63.8   107.2   124.8   317.9   405.5   461.1   512.2   595.8  1497.3  1867.3  2276.0  4628.5 19187.0  48448.1    48344
read      648.2  2303.9    74.4   132.2   170.7   297.1   368.3   410.3   441.2   477.7   539.2  1101.7  9147.8 32205.3 43209.2   5903.1     5902
read      498.2   922.0    63.8   119.4   146.8   363.4   442.1   495.7   544.8   619.4   744.4  1405.9  2810.7 12541.5 31756.2  71617.1    71602
read      520.9   881.3    68.9   107.4   125.9   331.1   420.1   481.1   540.1   679.6  1429.6  1693.0  2184.1 12829.8 31516.2  41920.1    41886
read      554.2  1101.0    68.9   108.2   127.3   330.6   421.7   481.2   538.1   652.9  1533.2  1917.6  2539.6 16223.6 32241.7  47264.3    47456
read      492.4   837.3    68.9   136.3   176.4   401.9   470.1   512.7   556.4   635.2   768.3   937.0  2197.2 11435.0 32358.8  93973.8    93939
read      467.9   721.2    68.9   117.3   141.7   341.5   485.5   615.1   723.8   805.4   885.2   989.4  1249.0  9558.2 31497.9  16910.6    16890
read      501.5   703.2    68.9   107.6   124.9   322.3   412.4   469.7   526.6   623.3  1502.3  1817.2  2195.5  7064.6 20684.5  45619.0    45689
read      522.0   742.6    68.9   114.4   137.7   342.5   456.6   561.3   772.5  1052.7  1219.7  1391.4  1768.3  8793.3 31571.7  32883.9    32790
read      499.5   658.9    68.9   107.4   125.3   324.3   412.6   476.4   538.2   683.3  1441.4  1703.8  2137.3  7174.6 17162.4  44089.5    44044
read      507.4   649.3    68.9   113.6   135.8   338.6   479.8   631.5   847.3   986.9  1104.5  1252.9  1631.5  7151.3 29564.0  28199.2    28149
read      509.0   673.2    68.9   111.1   131.6   336.1   430.5   508.4   590.3  1025.1  1348.2  1565.0  1947.2  7350.1 29562.5  39733.8    39739
read      446.2   607.3    63.8   115.8   140.6   348.5   430.6   482.1   525.3   587.0   690.3  1127.8  2431.6  6784.3 28584.6  72349.2    72475
read      382.3   413.3    63.8   118.9   145.4   336.0   412.1   457.9   493.7   540.1   609.5   733.1  1138.6  4708.3 12604.4  93997.2    93882
read      454.8  1548.0    68.9   126.1   165.9   296.8   367.4   410.6   440.0   472.5   517.4   595.3  3846.8 30659.4 38820.3   6708.7     6692
read      487.0   633.9    63.8   105.1   123.3   313.7   401.6   456.5   507.7   589.9  1470.3  1892.9  2309.2  4712.5 16010.7  50368.2    50406
read      436.1   560.8    63.8   119.2   146.6   356.6   433.3   480.6   520.6   578.4   677.0   906.8  2148.2  6356.0 20139.6  83173.1    83055
read      440.8   571.7    63.8   109.6   129.5   319.3   406.8   459.2   501.2   560.0   674.3  1643.7  2314.9  4966.6 18443.1  55520.9    55609
read      472.4   740.9    68.9   112.0   136.1   342.7   490.4   623.3   708.0   800.6   876.8   983.2  1547.9  7713.3 31205.9  16943.8    16968
read      503.9   726.6    63.8   104.9   123.1   323.5   411.5   473.8   533.2   667.8  1448.6  1704.8  2156.0  7598.9 28369.0  43044.3    43031
read      470.6   720.8    63.8   111.6   135.7   342.1   492.2   633.5   720.2   806.8   881.9   987.0  1476.0  7377.3 31870.7  17324.1    17236
read      457.7   569.3    63.8   120.6   149.7   365.4   443.0   493.6   538.3   606.4   722.7  1086.6  2471.0  5308.7 18960.6  82108.9    82183
read      491.4   626.5    68.9   106.1   125.1   326.8   416.4   480.6   541.1   681.9  1392.4  1645.5  2031.9  6645.1 20838.1  42286.2    42212
read      484.9  1090.3    68.9   115.2   141.7   344.4   475.6   560.7   610.6   661.2   733.4   851.1  3464.9 14538.9 35598.2  12320.1    12244
read      401.6   484.0    63.8   112.5   133.9   331.0   417.1   465.5   502.7   550.1   623.5   833.1  2121.9  4801.5 13786.1  61735.1    61777
read      475.4   458.0    63.8   114.5   135.7   331.1   445.7   543.9   671.6   959.6  1147.8  1345.6  1635.8  3465.8 12364.5  36915.3    36984
read      483.3   530.5    63.8   115.4   137.5   336.6   489.7   632.8   823.9   953.7  1065.2  1198.7  1469.2  3716.7 17046.7  29034.6    29093
read      489.0   519.0    63.8   113.9   134.7   330.5   443.8   547.0   688.0   995.7  1224.9  1446.1  1746.1  2772.5 15551.0  41774.3    41715
read      550.8   768.4    68.9   114.7   136.5   357.6   467.0   555.3   663.8  1133.9  1374.5  1591.3  2113.3  8774.8 30805.6  34827.1    34838
read      452.7   677.3    63.8   119.6   143.3   354.2   446.2   500.8   543.5   602.9   697.2  1028.2  2495.0  7437.1 30948.0  63562.6    63574
read      517.1   862.4    68.9   110.8   133.2   334.9   488.2   664.6   833.7   945.6  1045.5  1174.3  1977.6  9168.2 32140.0  24408.8    24401
read      534.1   810.8    68.9   114.0   137.4   342.4   466.4   587.9   835.2  1043.9  1195.8  1374.9  1862.0  9955.9 31264.0  32016.4    32025
read     1299.4  3372.8    80.4   383.9   408.4   528.1   616.0   793.3   910.3  1044.0  1661.5  5931.1 14528.5 37393.1 62123.5  99046.0    98971
read      516.3   791.8    68.9   133.3   179.1   431.4   503.9   561.0   628.4   760.3   870.2  1006.8  1474.6 10842.2 31809.8  23676.1    23657
read      430.3   574.5    68.9   114.1   137.2   337.3   424.0   475.4   517.7   575.4   667.4   992.9  2457.8  5686.6 23474.5  67975.3    67877
read      466.8   646.4    63.8   109.2   129.3   318.7   406.9   462.8   508.8   577.4   774.0  1788.9  2388.4  5942.7 23020.1  54003.4    53849
read      574.9   691.0    68.9   134.5   171.1   383.7   492.1   583.1   667.7   851.5  1474.2  1745.8  2574.8  7150.2 25656.9  79523.5    79536
read      826.3  1190.8    63.8   130.6   167.2   537.3   805.4   954.6  1106.8  1422.5  1964.7  2587.1  3523.3 16254.2 32488.4  17115.9    17081
read      481.2   463.7    63.8   115.6   137.2   327.9   442.1   543.6   682.3   996.4  1194.9  1396.2  1683.6  2331.1 12507.5  39122.0    39024
read      459.7   393.3    63.8   116.5   139.3   330.8   486.1   625.0   776.7   900.4  1002.1  1123.1  1342.5  1865.6  9847.2  26137.3    26125
read      474.1   454.7    63.8   115.8   137.9   326.5   457.0   574.5   773.6   973.9  1110.7  1266.6  1512.8  2408.3 12582.2  33322.9    33388
read      443.9   357.6    63.8   117.5   140.9   344.5   493.8   622.9   717.2   821.0   904.6  1006.8  1185.4  3041.9 10408.2  21053.7    20979
read      935.1   883.0    80.4   293.9   312.7   563.2  1406.4  1564.8  1666.5  1765.4  1883.9  2096.4  2953.2 10536.9 27327.3  95696.8    95865
read      911.8  1017.3    93.8   284.1   305.1   460.8  1131.3  1548.7  1646.2  1751.7  1862.9  2067.6  2986.6 12520.7 31632.0  73923.7    73949
read      798.4  1014.2    74.4   198.7   244.0   397.4   677.7  1410.9  1516.7  1640.5  1748.5  1945.0  2864.4 11642.9 31922.5  60974.0    60987
read      513.1   610.0    68.9   114.4   136.9   314.0   413.6   499.2   592.3   914.1  1452.6  1772.3  2350.0  3851.0 16063.4  54058.8    54175
read      485.9   521.5    63.8   118.2   139.0   319.2   425.4   514.3   609.7   877.0  1256.8  1578.0  2008.4  3853.9 13314.0  51531.6    51484
read      483.9   464.4    63.8   118.6   140.1   329.0   447.7   554.6   703.4   993.2  1192.1  1392.7  1685.9  2318.1 12464.1  39721.8    39771
read      475.1   433.0    63.8   118.7   140.5   327.7   465.3   587.6   783.4   970.5  1107.2  1261.0  1503.5  2531.3 10102.7  32781.2    32864
read      479.4   464.2    68.9   116.9   137.7   324.5   436.6   538.2   665.2   973.3  1204.8  1424.8  1720.5  2167.7 12752.0  42055.2    42033
read      484.7   501.9    63.8   117.0   137.9   324.5   433.0   526.1   629.8   956.4  1247.0  1482.8  1828.5  3281.4 13133.0  43738.6    43808
read      482.6   494.2    63.8   116.4   137.4   323.2   428.2   520.1   621.6   937.0  1256.3  1509.3  1849.6  2472.0 13744.3  45783.6    45785
read      476.4   451.1    68.9   117.6   139.2   326.9   450.6   564.7   752.8   979.9  1135.0  1309.2  1577.4  2855.5 11898.1  35620.0    35582
read      481.0   448.7    63.8   117.0   138.6   328.5   449.3   561.2   738.8   987.5  1166.7  1361.2  1646.8  2180.1  9758.4  38465.1    38504
read      414.4   287.6    68.9   120.9   145.1   362.1   486.6   574.1   627.8   680.6   757.7   849.8  1002.3  2414.8  8256.9  15276.6    15320
read      796.3   767.9    68.9   204.7   259.3   423.9   723.4  1404.2  1507.3  1642.9  1781.0  2004.9  2874.2  5642.3 19072.3  74188.6    74264
read      623.4   889.1    63.8   117.3   140.1   355.8   519.8   703.9   960.4  1265.9  1545.4  1897.6  3030.6  7912.1 31693.8  43855.9    43890
read      369.6   482.9    80.4   148.3   189.7   317.5   385.5   425.3   453.6   485.7   528.0   609.7  1112.1  5486.6 18333.9   5915.8     5962
read      499.9   473.0    63.8   119.2   142.0   339.9   456.4   559.8   700.4  1024.9  1247.9  1467.2  1778.2  2723.3 11993.0  38291.4    38365
read      475.5   544.6    63.8   115.3   136.3   309.9   405.7   478.8   547.2   689.4  1227.4  1695.1  2213.9  2990.9 13713.4  55982.5    55971
read      451.3   356.9    63.8   119.1   141.4   337.4   492.3   622.2   759.1   863.4   953.2  1062.0  1255.5  2357.5  9906.1  23197.3    23217
read      931.6   915.9    80.4   296.8   314.1   552.7  1393.6  1551.2  1657.2  1756.2  1882.7  2117.6  2955.9 11015.5 28376.3  87721.9    87681
read      939.4   974.5    86.8   294.8   312.8   526.9  1394.4  1567.1  1674.3  1788.7  1890.8  2115.3  3038.9 12064.7 30944.6  91911.4    91728
read      931.4  1024.3    93.8   291.0   310.6   488.1  1334.3  1561.8  1666.9  1779.4  1878.2  2102.4  3015.8 12651.0 31482.6  96559.9    96668
read      781.3   969.7    68.9   202.1   239.3   389.4   650.8  1401.0  1510.8  1613.1  1744.8  1908.1  2812.3 12553.5 31331.1  80458.0    80475
read      706.0  1140.1    74.4   152.1   182.7   360.7   554.2   978.0  1362.5  1504.6  1645.4  1848.6  2752.2 15266.4 35961.6  27081.4    27150
read      537.0   681.0    63.8   111.1   135.7   320.1   429.9   529.2   651.6  1034.7  1481.0  1791.9  2483.3  6136.4 20704.4  53345.8    53444
read      453.3   396.2    68.9   116.3   138.7   330.1   483.2   619.6   770.4   879.0   973.4  1084.4  1295.4  2678.2 10087.5  23743.0    23737
read      930.5   927.3    80.4   295.3   313.2   538.9  1395.4  1555.5  1658.7  1757.2  1882.8  2103.4  2952.4 12204.3 29567.1  87631.5    87776
read      937.6   981.9    93.8   294.9   313.2   524.8  1397.7  1566.2  1674.5  1784.2  1878.9  2099.3  2987.0 12264.5 30719.9  82181.6    82175
read      867.1   994.3    74.4   254.4   288.2   427.4   848.6  1501.1  1600.3  1713.6  1830.6  2033.9  2908.3 12286.5 31648.8  98500.3    98548
read      779.3  1108.2    63.8   186.2   225.3   392.7   647.7  1313.8  1469.2  1597.7  1720.4  1922.3  2874.7 13208.3 32408.8  37790.2    37704
read      766.5   869.2    68.9   189.6   231.3   404.1   648.8  1184.7  1450.0  1620.9  1762.8  2035.9  2874.0  9300.3 29211.7  64503.7    64701
read      582.1   739.8    63.8   131.3   165.7   350.2   435.6   512.0   593.4   740.1  1759.3  2285.3  2906.2  5445.8 18775.9  69151.8    69089
read      826.5   952.2    63.8   144.4   243.6   407.9   760.1  1466.9  1576.6  1682.4  1802.3  2000.5  2839.5 11990.0 31037.3  89931.3    89785
read      452.9   745.4    63.8   103.9   120.8   311.5   449.9   578.7   671.8   780.0   876.1  1070.6  1808.5  9161.8 31076.3  16620.8    16676

Total QPS = 50224.2 (90403568 / 1800.0s)

Total connections = 64
Misses = 0 (0.0%)
Skipped TXs = 0 (0.0%)

RX 22329681296 bytes :   11.8 MB/s
TX          0 bytes :    0.0 MB/s
Warning! Detected max cpu usage > 95%
CPU Usage Stats (avg/min/max): 99.96%,49.24%,100.00%

