// cpu

ubuntu@client-measure-550w:~/memcache-perf$ ./mcperf -s 100.96.3.2 -a 10.156.0.3 --noload -T 16 -C 4 -D 4 -Q 1000 -c 4 -t 5 --scan 5000:55000:5000
#type       avg     std     min      p5     p10     p50     p67     p75     p80     p85     p90     p95     p99    p999   p9999     QPS   target
read     2588.2  2570.6    93.8   249.1   309.8  2585.9  3903.8  3978.5  4025.2  4072.6  4202.0  4331.5 11292.5 31413.5 35026.3   4920.8     5000
read     2002.9  2150.6    80.4   247.1   329.1   919.5  3699.1  3856.8  3917.1  3977.5  4037.8  4190.9  4633.3 27411.8 32983.7   9881.0    10000
read     1771.9  2306.7    80.4   232.0   319.3   791.7  1983.3  3602.8  3743.7  3852.8  3954.7  4056.5  4530.2 32015.9 40676.7  14970.2    15000
read     1731.3  2907.3    74.4   245.2   330.9   824.9  1176.8  2936.3  3576.5  3712.6  3869.7  4042.0  5904.0 35995.1 40853.4  19862.8    20000
read     2167.5  3571.6    80.4   310.9   425.7  1059.1  1443.7  3153.7  3554.0  3910.0  5158.1  5754.8 22006.7 36229.3 47106.1  24771.4    25000
read     3221.2  4707.4   109.4   996.4  1052.6  1319.3  1908.4  5114.6  5288.9  5453.0  6084.5  9253.6 30926.1 40262.7 58923.3  25162.2    30000
read     3305.2  4812.5   118.1   977.4  1046.4  1358.9  1944.8  5018.4  5290.9  5497.8  6660.0  9452.7 31112.0 38457.5 53133.4  24629.8    35000
read     3302.8  4748.3    93.8   993.0  1054.2  1366.5  2144.9  5141.7  5319.1  5496.4  6095.2  9256.9 31160.7 37699.7 51102.7  24663.6    40000
read     3128.1  4652.7   127.6   954.7  1011.2  1271.5  1744.0  4896.4  5201.3  5411.3  6107.5  9275.3 30921.6 38296.0 56653.5  25906.4    45000
read     3105.1  4537.6   118.1   941.8   997.9  1271.6  1773.7  4890.6  5200.3  5419.2  6108.1  9271.1 30780.2 37578.4 49440.3  25904.4    50000
read     3229.2  4712.7   187.4   956.8  1018.9  1342.1  1895.5  5012.5  5269.9  5465.4  6154.0  9295.9 31067.4 37632.0 49095.6  25214.4    55000
Warning! Detected max cpu usage > 95%
CPU Usage Stats (avg/min/max): 82.24%,46.73%,100.00%

ubuntu@client-measure-550w:~/memcache-perf$ ./mcperf -s 100.96.3.2 -a 10.156.0.3 --noload -T 16 -C 4 -D 4 -Q 1000 -c 4 -t 5 --scan 5000:55000:5000
#type       avg     std     min      p5     p10     p50     p67     p75     p80     p85     p90     p95     p99    p999   p9999     QPS   target
read     2276.6  2614.3    93.8   244.1   437.3  2155.4  2257.5  2310.4  2343.4  2380.3  3518.9  3926.3 13407.0 32260.5 40335.4   4932.8     5000
read     1796.6  1899.2    80.4   216.4   285.4  2038.1  2150.7  2207.1  2268.7  2330.3  2471.9  3535.1  4062.5 29877.9 34910.8   9986.6    10000
read     1474.7  1342.4    74.4   197.1   273.6  1808.4  2014.2  2098.7  2153.3  2218.7  2344.1  3043.1  3851.7 18353.3 31302.2  15043.4    15000
read     1287.8  1168.7    80.4   199.4   270.0   978.0  1854.5  1959.1  2024.7  2110.6  2203.2  2667.6  3448.7 15737.2 29909.1  20030.6    20000
read     2119.1  3469.0    74.4   274.6   395.9  1193.2  1707.5  1949.7  2174.7  3365.5  5197.9  5818.6 17739.3 36378.0 43762.7  25042.7    25000
read     3365.6  4693.2    93.8  1032.8  1095.4  1407.1  2277.3  5197.1  5360.5  5524.0  6342.7  9334.3 30954.4 38259.5 53712.5  23930.0    30000
read     3235.0  4637.0   127.6   968.8  1032.5  1362.4  2008.5  5014.5  5272.5  5475.8  6173.5  9350.9 30973.5 38137.0 52273.6  24794.6    35000
read     3217.5  4616.3   137.8   987.3  1045.9  1336.0  2022.1  5006.6  5266.3  5464.1  6155.1  9296.5 30965.5 37807.1 56596.5  24929.8    40000
read     3227.0  4603.4   127.6   975.7  1036.2  1353.8  1948.4  4974.9  5265.4  5486.0  6337.9  9341.6 30739.0 37849.1 51518.8  24876.6    45000
read     3211.9  4650.3   173.5   970.3  1033.2  1338.9  2009.3  5012.2  5260.9  5455.5  6043.1  9248.3 30937.2 38721.3 56202.6  25171.6    50000
read     3306.6  4717.3   137.8  1011.0  1065.1  1379.6  2111.8  5113.1  5311.4  5500.3  6266.6  9343.3 31036.5 38499.6 54166.8  24486.2    55000
Warning! Detected max cpu usage > 95%
CPU Usage Stats (avg/min/max): 82.23%,46.70%,100.00%

ubuntu@client-measure-550w:~/memcache-perf$ ./mcperf -s 100.96.3.2 -a 10.156.0.3 --noload -T 16 -C 4 -D 4 -Q 1000 -c 4 -t 5 --scan 5000:55000:5000
#type       avg     std     min      p5     p10     p50     p67     p75     p80     p85     p90     p95     p99    p999   p9999     QPS   target
read     1152.6  2177.0    86.8   303.2   531.5   706.6   768.7   799.6   832.7   887.3  1663.3  3873.3  9449.5 30803.0 34512.2   4943.8     5000
read      909.3  1666.2    86.8   214.3   291.4   632.6   740.1   792.1   833.1   890.7  1008.4  3436.6  4070.7 26473.2 35135.9   9986.2    10000
read      837.4  1337.2    68.9   200.6   260.9   612.0   768.9   841.5   889.7   951.6  1076.3  3024.0  3798.3 22305.5 32111.5  15139.0    15000
read     1432.1  2829.2    80.4   224.1   299.7   714.9   927.4  1152.2  1460.4  2198.0  4333.7  4679.9  5881.1 32405.2 38688.5  20034.2    20000
read     2759.8  4298.0    93.8   483.3   670.7  1245.0  1613.7  3376.3  4859.9  5241.3  5575.6  8984.2 30492.1 37243.4 45217.0  24905.8    25000
read     3168.2  4634.1   118.1   949.9  1011.6  1311.1  1771.6  4861.4  5213.7  5467.8  6537.2  9372.5 30775.3 37713.8 52993.3  25315.9    30000
read     3134.8  4596.8   101.3   968.7  1029.7  1287.7  1876.5  4919.3  5193.6  5405.4  5987.1  9207.6 30967.0 37795.6 57608.4  25623.8    35000
read     3287.4  4659.1   137.8  1004.1  1056.7  1376.5  2171.6  5139.0  5325.6  5512.3  6188.1  9272.8 30859.7 39347.2 52229.0  24505.4    40000
read     3187.0  4640.8   148.8   972.6  1034.9  1327.1  1901.9  5034.3  5274.0  5459.2  6028.9  9235.7 30965.9 39426.9 54007.4  25236.2    45000
read     3080.9  4503.6   202.4   931.7   985.7  1272.3  1862.8  4872.8  5142.9  5401.0  6018.4  9236.6 30647.8 37945.7 49709.0  25954.8    50000
read     3178.7  4605.0    93.8   967.1  1030.7  1315.4  1986.2  4974.5  5237.7  5446.0  6022.9  9224.1 30795.5 37920.3 55897.4  25368.0    55000
Warning! Detected max cpu usage > 95%
CPU Usage Stats (avg/min/max): 80.50%,41.50%,100.00%