// l1d

ubuntu@client-measure-550w:~/memcache-perf$ ./mcperf -s 100.96.3.2 -a 10.156.0.3 --noload -T 16 -C 4 -D 4 -Q 1000 -c 4 -t 5 --scan 5000:55000:5000
#type       avg     std     min      p5     p10     p50     p67     p75     p80     p85     p90     p95     p99    p999   p9999     QPS   target
read      449.7   422.7   101.3   201.2   246.5   393.2   468.2   515.9   549.4   589.5   639.3   728.0  1428.1  5022.0 17256.5   4969.0     5000
read      584.1   457.4    86.8   202.0   269.2   524.9   641.6   702.6   748.6   811.3   956.5  1135.0  1561.0  4599.1 18068.0   9882.2    10000
read      651.3   531.4    80.4   189.7   257.3   587.9   731.4   810.0   875.5  1010.6  1131.6  1261.8  1618.3  4953.4 17085.8  14987.0    15000
read      677.3   452.0    74.4   178.7   239.7   612.3   768.4   861.1   963.1  1084.9  1211.3  1346.7  1766.4  4370.0 13604.5  20001.2    20000
read      675.8   585.0    80.4   168.3   220.3   594.2   758.3   851.3   933.1  1071.6  1218.2  1373.1  1961.7  6286.7 20114.1  25005.6    25000
read      689.2   529.7    74.4   173.2   225.7   618.5   787.0   882.8   964.6  1093.9  1234.2  1394.6  1940.0  4457.4 17925.9  29985.2    30000
read      665.3   518.0    74.4   173.4   223.4   576.5   754.1   854.9   933.6  1060.9  1227.8  1416.3  1935.8  4076.5 15680.6  34892.2    35000
read      739.7   569.9    80.4   194.2   259.1   663.4   840.2   937.8  1016.7  1141.8  1293.5  1493.5  2161.0  4030.2 18532.7  39899.0    40000
read      794.5   603.2    74.4   216.1   293.0   714.3   901.2  1008.1  1103.3  1219.7  1365.6  1596.9  2200.8  4932.0 21610.3  45045.6    45000
read     1140.9   827.0    80.4   452.8   598.9  1068.0  1211.7  1311.7  1391.9  1491.9  1667.1  2014.2  2709.3  8713.3 33073.4  49980.2    50000
read     1351.6   891.6   101.3   932.3   985.8  1204.8  1331.2  1421.9  1493.6  1614.5  1879.3  2225.8  2892.5 13017.1 31932.6  49823.6    55000
Warning! Detected max cpu usage > 95%
CPU Usage Stats (avg/min/max): 82.74%,48.22%,100.00%

ubuntu@client-measure-550w:~/memcache-perf$ ./mcperf -s 100.96.3.2 -a 10.156.0.3 --noload -T 16 -C 4 -D 4 -Q 1000 -c 4 -t 5 --scan 5000:55000:5000
#type       avg     std     min      p5     p10     p50     p67     p75     p80     p85     p90     p95     p99    p999   p9999     QPS   target
read      461.2   598.5    86.8   199.4   240.9   404.3   478.0   513.7   538.3   567.5   608.8   724.5  1484.8  7923.6 26596.8   4986.6     5000
read      559.1   593.7    86.8   186.8   244.1   508.1   607.2   668.7   722.0   787.6   872.8   994.0  1435.9  5919.3 30516.7   9999.4    10000
read      632.2   562.0    80.4   190.8   252.8   563.9   704.4   803.0   871.5   944.1  1033.3  1175.4  1713.8  6145.2 18635.8  14972.6    15000
read      679.8   511.0    74.4   181.2   241.6   614.3   773.6   874.4   945.3  1026.4  1127.3  1344.7  1849.7  4738.9 16102.8  19945.2    20000
read      683.1   633.3    74.4   174.9   232.4   602.4   767.8   880.1   959.8  1049.9  1161.4  1392.9  1924.8  6604.3 22468.9  24870.2    25000
read      674.2   553.5    80.4   170.3   221.8   600.1   761.4   873.4   957.3  1049.9  1163.9  1395.9  1924.3  4813.0 20758.5  29757.2    30000
read      686.0   500.5    80.4   175.6   230.4   615.5   783.3   888.7   969.8  1066.1  1186.2  1422.9  1917.7  3930.8 17916.7  35093.9    35000
read      735.6   609.7    74.4   184.9   248.4   670.6   838.7   937.9  1013.1  1102.7  1218.7  1447.3  2181.8  5394.8 27893.1  39984.2    40000
read      869.1   639.9    80.4   230.8   322.9   793.8   995.5  1108.5  1191.9  1294.9  1444.3  1688.8  2411.8  5263.7 23694.7  44956.0    45000
read     1288.4   865.0    86.8   763.6   897.7  1167.8  1292.0  1384.3  1469.5  1585.1  1797.3  2180.4  2850.8 12871.4 30848.5  49822.8    50000
read     1306.1   829.4    86.8   902.0   962.1  1167.6  1275.9  1362.6  1444.9  1569.6  1820.9  2177.3  2762.9 12271.8 31680.7  51304.1    55000
Warning! Detected max cpu usage > 95%
CPU Usage Stats (avg/min/max): 82.17%,46.50%,100.00%

ubuntu@client-measure-550w:~/memcache-perf$ ./mcperf -s 100.96.3.2 -a 10.156.0.3 --noload -T 16 -C 4 -D 4 -Q 1000 -c 4 -t 5 --scan 5000:55000:5000
#type       avg     std     min      p5     p10     p50     p67     p75     p80     p85     p90     p95     p99    p999   p9999     QPS   target
read      533.0   818.7   101.3   212.8   276.4   452.6   526.3   573.6   610.8   658.5   728.2   846.2  2023.9 11288.5 31672.2   4951.4     5000
read      612.8   501.0    80.4   195.1   262.5   553.8   687.2   767.4   823.1   879.0   933.5  1043.9  1375.4  7727.3 16723.0   9912.6    10000
read      687.4   646.4    68.9   182.1   248.7   619.3   788.7   884.5   939.3   999.8  1090.8  1253.5  1830.9  8012.1 30516.2  15001.0    15000
read      722.8   580.1    80.4   177.8   244.4   661.0   837.3   935.2   994.6  1070.1  1182.8  1349.7  1957.3  6286.8 23922.2  19966.6    20000
read      714.3   540.9    80.4   175.5   235.1   640.9   830.3   943.6  1017.1  1104.4  1235.0  1409.1  1882.0  5976.8 17710.9  24813.0    25000
read      719.4   648.6    80.4   174.0   228.3   637.0   822.5   936.6  1018.1  1103.5  1234.6  1433.5  2028.3  7630.7 28487.8  29835.8    30000
read      726.9   658.3    74.4   172.8   231.1   651.3   829.0   936.5  1019.1  1103.0  1229.2  1435.4  2148.1  7266.0 25080.4  34949.3    35000
read      733.6   589.4    74.4   183.3   247.1   665.8   839.3   941.4  1018.7  1109.0  1233.6  1440.1  2106.1  5557.9 19004.3  39824.0    40000
read      855.6   847.9    74.4   218.4   307.4   773.5   967.2  1075.4  1153.1  1246.1  1375.6  1616.9  2356.7 10144.5 32437.0  45085.6    45000
read     1363.0   909.3   101.3   944.4   992.7  1214.8  1346.2  1444.9  1523.1  1628.3  1859.8  2240.6  2939.6 13932.3 32055.4  48897.4    50000
read     1331.1   832.0   101.3   945.2   988.6  1187.3  1311.7  1399.8  1465.4  1560.0  1790.5  2212.8  2844.7 11583.0 31047.5  50388.8    55000
Warning! Detected max cpu usage > 95%
CPU Usage Stats (avg/min/max): 83.00%,49.00%,100.00%