// l1i

ubuntu@client-measure-550w:~/memcache-perf$ ./mcperf -s 100.96.3.2 -a 10.156.0.3 --noload -T 16 -C 4 -D 4 -Q 1000 -c 4 -t 5 --scan 5000:55000:5000
#type       avg     std     min      p5     p10     p50     p67     p75     p80     p85     p90     p95     p99    p999   p9999     QPS   target
read     2488.9  2767.5    93.8   239.5   340.2  2683.9  2792.6  2867.3  2914.1  2960.8  3283.6  3912.1 14674.4 35395.3 44075.7   4951.0     5000
read     2102.9  2152.4    80.4   205.1   276.0  2724.2  2877.8  2937.5  2974.8  3064.7  3203.9  3573.7  7145.8 29366.3 38457.3   9939.8    10000
read     1759.2  2323.8    80.4   198.1   267.1   929.5  2857.8  2951.8  3017.4  3098.6  3179.8  3342.5  4557.5 31845.9 53914.3  15077.8    15000
read     1854.9  3896.3    74.4   236.3   313.8   746.1  1264.1  2912.8  3056.1  3181.4  3336.1  3599.9 30452.7 37074.5 51589.8  20034.6    20000
read     2560.1  4167.3    80.4   384.4   547.9  1205.8  1684.9  3213.0  4360.1  5108.5  5370.5  5896.6 30503.8 37199.8 48094.5  24720.4    25000
read     3168.5  4762.3   127.6   959.4  1021.3  1280.8  1688.4  4756.8  5243.6  5486.5  8840.1  9432.3 30983.5 39668.2 54814.7  25383.4    30000
read     3254.9  4661.1   101.3   985.0  1044.9  1368.6  1900.4  5156.5  5342.9  5529.3  6498.8  9400.7 30950.2 38588.0 51564.9  24565.2    35000
read     3148.5  4603.3   127.6   948.3  1001.6  1291.6  1744.2  4889.4  5262.1  5484.5  6611.8  9403.5 30657.9 37824.9 50188.1  25448.2    40000
read     3218.6  4598.5   404.6   970.1  1031.2  1347.6  1991.4  5182.2  5335.5  5488.7  6063.1  9237.5 30860.8 37921.1 48964.4  24924.8    45000
read     3177.4  4606.6   346.9   972.2  1031.6  1315.0  1856.4  5139.6  5307.1  5474.7  6158.0  9266.4 30839.5 37872.3 54914.9  25201.2    50000
read     3220.3  4668.8   255.0   998.9  1049.9  1331.2  1885.9  5159.0  5322.9  5486.8  6152.4  9287.1 30908.4 37755.4 65877.6  25018.6    55000
Warning! Detected max cpu usage > 95%
CPU Usage Stats (avg/min/max): 81.57%,44.72%,100.00%

ubuntu@client-measure-550w:~/memcache-perf$ ./mcperf -s 100.96.3.2 -a 10.156.0.3 --noload -T 16 -C 4 -D 4 -Q 1000 -c 4 -t 5 --scan 5000:55000:5000
#type       avg     std     min      p5     p10     p50     p67     p75     p80     p85     p90     p95     p99    p999   p9999     QPS   target
read     2828.6  2682.9    93.8   232.3   316.3  3336.5  3437.9  3485.6  3560.0  3643.6  3727.2  3906.6 12719.9 32316.0 40131.9   4977.8     5000
read     2041.4  2116.8    80.4   213.1   279.6  1155.7  3439.4  3546.7  3603.6  3660.5  3717.3  3796.6  4323.1 28928.6 42283.7   9995.6    10000
read     1736.1  2509.0    80.4   234.7   313.3   775.0  1572.9  3496.9  3604.9  3712.9  3842.0  3994.7  5162.2 32310.4 42781.3  14954.6    15000
read     1933.8  3817.0    80.4   244.2   334.6   830.2  1156.0  3319.9  3643.6  3807.4  3961.7  4241.7 30008.6 37519.7 49699.0  20009.8    20000
read     3281.0  4710.5    80.4   995.1  1055.2  1361.3  1824.9  5133.8  5331.4  5529.1  8832.8  9469.9 30786.6 37995.0 52546.2  24379.2    25000
read     3237.0  4747.4   118.1   976.6  1036.0  1332.0  1785.1  5105.8  5308.5  5492.9  6585.3  9394.2 31046.4 37890.9 54976.4  24962.0    30000
read     3223.3  4637.0   275.4  1004.6  1056.4  1324.8  1831.0  5156.1  5323.8  5491.6  6352.8  9355.9 30915.1 37827.4 52482.9  24937.0    35000
read     3164.3  4677.1   101.3   949.2  1003.0  1283.1  1697.2  4000.0  5263.8  5521.8  8896.2  9491.6 30705.0 38941.6 54770.2  25291.1    40000
read     3313.7  4731.7   202.4  1009.1  1061.6  1379.2  1849.6  5160.1  5366.7  5644.9  8818.5  9471.2 30805.2 37883.1 50812.4  24273.6    45000
read     3112.3  4651.1   118.1   959.7  1014.7  1263.5  1564.2  3161.3  5242.5  5483.8  8833.6  9383.4 30762.7 37706.9 49333.4  25839.2    50000
read     3182.4  4772.3   109.4   956.4  1012.4  1281.8  1674.8  3210.4  5250.2  5536.6  8920.5  9465.2 30923.0 39548.3 57248.4  25295.4    55000
Warning! Detected max cpu usage > 95%
CPU Usage Stats (avg/min/max): 87.94%,51.78%,100.00%

ubuntu@client-measure-550w:~/memcache-perf$ ./mcperf -s 100.96.3.2 -a 10.156.0.3 --noload -T 16 -C 4 -D 4 -Q 1000 -c 4 -t 5 --scan 5000:55000:5000
#type       avg     std     min      p5     p10     p50     p67     p75     p80     p85     p90     p95     p99    p999   p9999     QPS   target
read     2695.9  2809.7    86.8   232.1   287.5  3674.2  3870.8  3927.0  3962.2  3997.4  4032.5  4067.7 13339.0 31973.5 39436.1   5011.6     5000
read     1928.7  2142.8    80.4   252.3   339.3   836.8  3354.1  3875.4  3945.7  4015.9  4107.4  4280.8  4728.3 30176.4 35131.6   9980.8    10000
read     1851.9  2581.6    80.4   238.2   342.6   872.0  1490.6  3834.2  3963.5  4093.9  4230.7  4367.4  5573.2 32248.3 48094.0  15042.0    15000
read     1978.4  3740.2    74.4   241.3   337.7   828.7  1299.9  1874.9  3963.7  4190.9  4377.6  4663.6 28903.8 36900.6 42212.4  19941.0    20000
read     3237.9  4675.9    93.8   883.0  1009.3  1372.5  1916.3  5141.9  5337.1  5532.3  6402.3  9387.8 30851.5 37832.7 50741.2  24021.0    25000
read     3171.0  4701.2   187.4   978.1  1035.1  1284.5  1599.6  2973.2  5270.7  5511.4  8932.4  9450.3 30689.2 38051.8 52997.5  25274.5    30000
read     3175.3  4575.5   148.8   989.7  1045.9  1306.4  1881.3  5154.7  5301.4  5448.1  6015.0  9268.8 30816.5 38335.8 52163.0  25330.4    35000
read     3273.3  4678.7   109.4   989.5  1049.0  1353.7  1855.3  5166.9  5347.5  5528.1  6840.0  9382.9 30921.6 37801.0 47501.7  24595.4    40000
read     3147.8  4616.5   275.4   956.3  1010.4  1291.1  1775.6  5011.1  5285.4  5474.7  6272.8  9289.2 30814.7 37859.2 51100.3  25620.2    45000
read     3273.2  4629.4   118.1  1003.1  1059.2  1352.9  1910.4  5170.8  5350.9  5530.9  6628.9  9405.2 30717.9 37791.8 45603.4  24520.4    50000
read     3067.4  4585.4    80.4   944.4   992.3  1246.8  1563.0  2907.7  5171.5  5451.3  8824.4  9382.9 30674.8 37391.5 48190.7  26107.8    55000
Warning! Detected max cpu usage > 95%
CPU Usage Stats (avg/min/max): 81.50%,44.50%,100.00%