// l2

ubuntu@client-measure-550w:~/memcache-perf$ ./mcperf -s 100.96.3.2 -a 10.156.0.3 --noload -T 16 -C 4 -D 4 -Q 1000 -c 4 -t 5 --scan 5000:55000:5000
#type       avg     std     min      p5     p10     p50     p67     p75     p80     p85     p90     p95     p99    p999   p9999     QPS   target
read      506.8   643.3    86.8   210.4   260.6   429.2   513.6   561.8   598.0   641.5   728.4   848.2  1917.5  9264.3 28936.7   5056.4     5000
read      595.5   548.9    93.8   191.9   260.4   529.1   652.2   748.4   811.5   864.6   933.6  1085.9  1469.2  7620.7 23914.0   9975.8    10000
read      681.1   627.9    86.8   184.1   252.5   609.0   791.4   885.4   941.8  1022.5  1134.4  1274.3  1639.3  5485.0 30632.1  14995.2    15000
read      698.5   576.8    74.4   173.8   232.6   620.3   807.4   909.3   975.1  1062.6  1179.1  1343.7  1940.5  7873.6 16205.3  19938.0    20000
read      677.3   512.0    80.4   168.6   221.6   588.2   771.0   904.3   979.0  1072.6  1205.1  1372.9  1875.8  5589.8 15141.4  24858.2    25000
read      691.3   543.1    74.4   169.1   222.1   609.0   783.7   913.2   990.5  1085.3  1225.4  1411.1  1924.9  5887.1 16028.2  30015.4    30000
read      704.4   583.3    80.4   172.8   227.8   624.0   795.8   921.5  1003.4  1094.9  1235.2  1441.1  1979.9  5397.4 22870.0  35022.0    35000
read      740.1   633.6    74.4   183.0   246.2   656.6   835.2   963.9  1046.5  1147.3  1284.5  1481.6  2170.6  5088.9 30299.5  39855.7    40000
read      787.8   674.2    80.4   200.4   275.6   701.5   895.8  1017.8  1095.7  1192.8  1333.8  1568.4  2247.8  6259.6 27693.0  44926.2    45000
read     1176.3   798.9    80.4   451.1   635.1  1111.9  1236.3  1318.3  1383.4  1480.4  1664.2  2075.9  2733.5  9783.9 29827.0  50006.0    50000
read     1346.0   890.4    80.4   948.8  1002.9  1198.8  1316.8  1405.7  1478.7  1587.3  1803.7  2237.2  2867.0 13614.5 31717.8  50042.0    55000
Warning! Detected max cpu usage > 95%
CPU Usage Stats (avg/min/max): 82.47%,47.42%,100.00%

ubuntu@client-measure-550w:~/memcache-perf$ ./mcperf -s 100.96.3.2 -a 10.156.0.3 --noload -T 16 -C 4 -D 4 -Q 1000 -c 4 -t 5 --scan 5000:55000:5000
#type       avg     std     min      p5     p10     p50     p67     p75     p80     p85     p90     p95     p99    p999   p9999     QPS   target
read      559.2   620.1    93.8   219.4   291.8   491.8   578.2   632.0   670.4   715.2   773.8   869.9  1878.2  8756.3 19723.5   5052.2     5000
read      654.8   594.7    93.8   212.1   290.5   602.4   732.6   796.9   843.1   897.1   972.3  1116.1  1806.8  8178.8 24871.8   9980.6    10000
read      728.8   668.4    80.4   196.3   286.7   667.9   828.8   910.3   971.3  1050.2  1153.4  1351.6  1796.3  7638.6 31615.0  15019.2    15000
read      752.5   715.5    80.4   182.6   260.7   676.9   862.1   960.0  1035.5  1127.0  1249.3  1456.4  1968.1  8719.5 30992.3  20174.0    20000
read      738.9   681.8    80.4   169.1   232.5   669.2   846.8   940.4  1011.3  1102.6  1221.3  1456.6  2078.1  7773.2 30564.8  25013.0    25000
read      723.2   682.7    74.4   171.1   226.7   635.7   830.2   936.6  1018.1  1116.6  1245.1  1490.7  2029.0  5092.3 29671.7  29974.4    30000
read      735.6   660.8    80.4   176.2   236.1   639.1   837.7   945.8  1028.0  1134.5  1270.0  1536.5  2084.8  7147.1 25328.9  35024.6    35000
read      764.6   626.5    68.9   188.5   258.3   684.3   869.5   975.9  1056.6  1155.8  1288.0  1551.8  2167.6  6268.8 24187.9  39938.6    40000
read      840.3   798.3    80.4   215.1   300.2   745.9   947.9  1065.6  1153.0  1261.8  1411.4  1656.4  2343.1  8987.1 30039.2  44951.9    45000
read     1057.6   765.1    80.4   371.5   504.5  1004.5  1153.6  1253.8  1333.3  1429.8  1572.3  1886.3  2621.7  8774.3 30109.0  50107.8    50000
read     1330.2   865.3    86.8   911.6   969.8  1184.3  1307.0  1391.9  1476.2  1596.0  1834.1  2219.2  2866.8 12633.4 31761.6  50561.6    55000
Warning! Detected max cpu usage > 95%
CPU Usage Stats (avg/min/max): 82.15%,46.46%,100.00%

ubuntu@client-measure-550w:~/memcache-perf$ ./mcperf -s 100.96.3.2 -a 10.156.0.3 --noload -T 16 -C 4 -D 4 -Q 1000 -c 4 -t 5 --scan 5000:55000:5000
#type       avg     std     min      p5     p10     p50     p67     p75     p80     p85     p90     p95     p99    p999   p9999     QPS   target
read      490.4   841.3    93.8   197.4   234.8   417.8   490.0   530.9   562.4   604.3   659.5   743.7  2095.6 12311.5 31857.8   4979.0     5000
read      624.7   621.4    86.8   209.1   278.0   566.3   689.5   753.4   796.6   855.1   936.6  1076.9  1715.2  7980.3 21308.0  10074.2    10000
read      693.6   596.8    86.8   205.1   287.7   636.1   778.6   854.2   917.3   999.4  1103.0  1245.2  1822.3  8048.0 21322.6  14974.4    15000
read      725.7   624.0    80.4   186.6   266.3   654.9   820.8   914.5   990.6  1082.1  1188.6  1346.5  1884.4  7682.6 19720.8  20167.0    20000
read      709.0   600.7    80.4   178.5   241.5   630.8   814.4   911.1   987.8  1084.5  1201.8  1370.4  1983.6  6918.6 21272.2  25053.0    25000
read      721.1   726.0    80.4   179.4   241.1   637.9   820.0   919.0  1001.1  1107.4  1228.3  1398.8  1906.2  8555.0 25544.7  30006.6    30000
read      739.4   692.1    74.4   176.2   241.4   662.1   833.5   929.5  1001.4  1095.6  1227.5  1436.3  2253.5  8003.9 30546.5  34985.2    35000
read      751.9   671.9    74.4   188.8   256.5   666.0   846.8   953.6  1031.5  1136.6  1274.0  1488.6  2200.6  7640.6 30660.9  40030.6    40000
read      813.1   695.0    80.4   209.9   291.7   727.8   925.9  1037.4  1124.5  1233.4  1359.8  1569.4  2331.6  7187.3 29717.6  44850.4    45000
read     1182.2   938.8    86.8   444.7   611.9  1101.1  1253.1  1346.5  1417.1  1504.4  1676.5  2067.0  2846.8 13051.5 32463.1  49674.6    50000
read     1334.8   791.9   127.6   950.0  1003.2  1197.4  1295.5  1375.9  1458.0  1572.4  1793.5  2238.7  2839.4 11491.0 31099.1  50196.6    55000
Warning! Detected max cpu usage > 95%
CPU Usage Stats (avg/min/max): 82.32%,46.97%,100.00%