// llc

ubuntu@client-measure-550w:~/memcache-perf$ ./mcperf -s 100.96.3.2 -a 10.156.0.3 --noload -T 16 -C 4 -D 4 -Q 1000 -c 4 -t 5 --scan 5000:55000:5000
#type       avg     std     min      p5     p10     p50     p67     p75     p80     p85     p90     p95     p99    p999   p9999     QPS   target
read      722.3  1906.9   101.3   227.2   276.7   482.7   589.7   644.0   687.4   744.2   830.7  1080.2  6243.1 31865.0 37228.3   5007.8     5000
read      830.8  1768.3    93.8   216.9   285.4   619.2   770.4   853.4   917.8   998.9  1118.0  1417.9  5880.4 31309.4 43609.0   9952.0    10000
read     1232.2  2495.9    86.8   228.7   326.0   761.4   978.9  1126.0  1256.0  1443.1  1765.6  3100.1  9958.9 34016.8 47512.1  14938.0    15000
read     1074.1  1875.3    93.8   216.5   317.6   790.0  1015.3  1165.3  1292.3  1429.6  1616.0  2062.4  7690.0 31300.5 52957.6  20044.4    20000
read     1108.8  1719.2    93.8   214.1   317.9   838.9  1101.7  1284.1  1426.9  1579.4  1795.4  2207.3  6349.3 30492.5 42330.5  25023.4    25000
read     1820.3  2374.8    93.8   411.9   592.3  1656.9  1894.4  2052.2  2162.2  2299.3  2499.8  3225.1  8338.7 33166.7 50089.7  29963.0    30000
read     1886.4  2061.0    93.8   701.4   984.1  1669.1  1778.4  1865.1  1969.8  2172.2  2466.9  3091.2  8208.3 31909.6 40642.9  34110.6    35000
read     2231.4  2327.4   236.1  1530.5  1623.3  1842.1  1986.1  2129.5  2280.7  2483.9  2745.1  3414.6  8037.9 32406.9 43060.6  32501.2    40000
read     1947.6  1876.7   109.4  1395.6  1438.5  1637.9  1744.7  1851.6  1944.5  2085.7  2380.6  3113.3  7175.1 31554.9 43250.8  36263.0    45000
read     2221.9  2289.9   109.4  1576.3  1634.2  1841.1  1983.1  2110.8  2222.9  2372.4  2674.2  3394.6  8691.4 34728.5 43327.5  32497.6    50000
read     2138.2  2065.5   109.4  1573.9  1639.0  1840.2  1935.5  2005.6  2072.5  2196.3  2463.5  3368.9  6382.2 32524.0 54335.5  33403.6    55000
Warning! Detected max cpu usage > 95%
CPU Usage Stats (avg/min/max): 79.80%,39.39%,100.00%

ubuntu@client-measure-550w:~/memcache-perf$ ./mcperf -s 100.96.3.2 -a 10.156.0.3 --noload -T 16 -C 4 -D 4 -Q 1000 -c 4 -t 5 --scan 5000:55000:5000
#type       avg     std     min      p5     p10     p50     p67     p75     p80     p85     p90     p95     p99    p999   p9999     QPS   target
read      656.1  1432.4   101.3   225.0   273.3   468.9   590.4   660.8   710.9   767.0   847.9  1061.7  4477.2 29780.9 37235.2   4989.4     5000
read      815.7  1525.4   101.3   216.1   280.0   635.0   802.1   892.8   963.5  1047.8  1158.4  1383.0  5249.3 30812.9 40992.2   9961.4    10000
read     1261.7  2629.3    93.8   230.6   318.2   776.3   997.0  1138.8  1254.2  1419.7  1757.8  3113.4 10195.0 35676.4 46770.3  14876.9    15000
read     1144.7  1910.4    93.8   235.0   347.5   859.0  1073.9  1209.8  1322.1  1469.5  1712.9  2188.4  7774.9 31476.0 41365.0  20077.6    20000
read     1192.4  1894.1    86.8   232.9   348.3   902.7  1169.6  1343.4  1485.3  1676.6  1914.6  2345.6  7834.4 31512.9 44543.5  24834.8    25000
read     2327.5  2817.9   101.3  1024.9  1371.5  1841.3  2019.2  2230.5  2444.3  2762.7  3241.5  3704.6 12220.4 36068.5 50103.2  29946.2    30000
read     1526.1  1851.0    86.8   392.7   547.3  1389.3  1595.5  1707.1  1808.1  1957.8  2200.7  2775.8  7083.7 30864.9 39026.1  34254.2    35000
read     2166.3  2238.7    80.4  1523.2  1602.3  1804.2  1912.7  2029.9  2168.3  2400.4  2711.8  3356.9  8071.9 32479.0 43382.2  33288.0    40000
read     2198.1  2244.2    93.8  1518.3  1613.4  1834.9  1966.4  2078.9  2192.6  2379.1  2771.8  3422.4  8472.8 32317.3 42735.8  32771.4    45000
read     2125.5  2171.4   109.4  1505.2  1556.7  1782.1  1925.9  2042.9  2152.8  2290.5  2515.1  3313.9  6738.4 33324.2 40883.7  33787.0    50000
read     2024.4  1824.5   118.1  1507.4  1555.7  1742.7  1846.4  1913.0  1994.2  2114.2  2352.9  3253.6  6522.3 31473.4 37904.9  34780.6    55000
Warning! Detected max cpu usage > 95%
CPU Usage Stats (avg/min/max): 82.41%,47.24%,100.00%

ubuntu@client-measure-550w:~/memcache-perf$ ./mcperf -s 100.96.3.2 -a 10.156.0.3 --noload -T 16 -C 4 -D 4 -Q 1000 -c 4 -t 5 --scan 5000:55000:5000
#type       avg     std     min      p5     p10     p50     p67     p75     p80     p85     p90     p95     p99    p999   p9999     QPS   target
read      685.6  1799.7   109.4   229.4   273.4   465.6   560.4   615.4   656.6   714.3   802.2  1044.3  5521.7 31934.0 37654.1   5012.8     5000
read      837.3  1717.8   101.3   209.3   271.3   602.5   770.6   871.7   958.6  1054.1  1160.3  1445.2  6581.7 31505.5 51616.2   9989.4    10000
read     1086.9  2205.4   101.3   214.3   287.9   731.0   948.5  1090.5  1181.2  1306.4  1502.9  2209.4  8882.3 32320.8 49454.3  15029.6    15000
read     1220.3  2249.7    86.8   224.6   316.4   808.1  1090.2  1256.0  1388.4  1578.2  1849.6  2574.3  9327.0 32084.0 43605.9  19961.6    20000
read     1248.7  2187.7    86.8   232.6   339.2   885.7  1184.2  1372.0  1518.2  1704.5  2089.7  2790.4  8118.9 32024.5 59098.4  24964.6    25000
read     1712.5  2260.4    93.8   365.8   518.0  1597.1  1825.1  1965.9  2097.7  2292.3  2660.6  3254.6  6777.3 32281.3 56993.6  29886.4    30000
read     2379.6  2722.3   127.6  1618.0  1663.4  1922.1  2082.1  2193.2  2309.1  2463.7  2757.2  3627.6 10778.8 36260.3 54214.1  31009.2    35000
read     2006.7  1898.4    93.8  1501.1  1543.0  1729.3  1826.0  1878.0  1957.9  2076.0  2373.0  3160.1  6247.5 31696.9 42895.3  35085.0    40000
read     2201.6  2355.0   127.6  1505.6  1552.5  1796.1  1958.7  2075.5  2174.7  2323.0  2687.0  3409.7 10070.6 32415.1 40607.9  32787.4    45000
read     2232.9  2322.8   109.4  1548.2  1624.1  1843.3  1991.5  2112.4  2212.9  2362.7  2782.1  3445.1  9192.0 32412.8 39882.8  32454.8    50000
read     2132.2  2093.8    93.8  1559.1  1624.9  1820.2  1942.1  2036.3  2140.2  2265.8  2475.0  3291.2  6525.1 32088.8 51718.9  33533.1    55000
Warning! Detected max cpu usage > 95%
CPU Usage Stats (avg/min/max): 80.57%,41.71%,100.00%