// membw

ubuntu@client-measure-550w:~/memcache-perf$ ./mcperf -s 100.96.3.2 -a 10.156.0.3 --noload -T 16 -C 4 -D 4 -Q 1000 -c 4 -t 5 --scan 5000:55000:5000
#type       avg     std     min      p5     p10     p50     p67     p75     p80     p85     p90     p95     p99    p999   p9999     QPS   target
read      523.2  1381.9    93.8   192.4   246.2   379.3   448.1   489.0   518.9   557.8   617.8   740.5  4010.0 30766.3 38453.2   4978.0     5000
read      621.8  1305.9    86.8   170.1   226.9   477.3   603.5   674.4   722.0   771.6   832.3   955.7  4451.4 28333.3 37019.6   9957.2    10000
read      699.0  1442.6    80.4   163.2   216.6   537.1   696.9   788.1   843.8   910.2  1007.5  1181.7  4714.4 24971.5 50636.8  15020.2    15000
read      713.0  1147.9    80.4   162.7   216.2   586.3   737.1   829.2   890.3   963.8  1065.6  1228.2  4816.6 12488.5 35137.4  19936.0    20000
read      850.8  1514.8    80.4   172.8   230.7   656.4   829.8   929.6  1013.7  1124.3  1271.6  1580.3  5985.7 29127.9 39539.0  25101.0    25000
read      762.9  1267.4    80.4   167.2   224.3   612.0   794.3   895.4   970.4  1073.4  1206.3  1424.5  4549.4 13789.1 41605.5  30064.6    30000
read      803.5  1251.5    80.4   173.3   238.6   645.7   841.3   947.1  1025.7  1127.7  1254.6  1457.8  4773.7 15461.5 36974.3  35007.3    35000
read      930.1  1404.7    80.4   191.8   273.7   736.2   968.1  1080.6  1160.8  1261.7  1414.6  1843.8  5693.9 27520.8 37461.8  39740.8    40000
read     1167.9  1329.6    80.4   319.5   445.0  1127.9  1267.9  1339.6  1386.3  1454.0  1562.6  2103.2  3898.1 21324.5 40202.3  44587.0    45000
read     1237.3  1087.7    86.8   566.9   793.1  1126.9  1204.0  1264.2  1320.7  1407.2  1624.3  2139.3  3292.8 15861.5 35486.0  49902.8    50000
read     1455.0  1464.6    93.8  1038.3  1091.2  1234.7  1308.9  1369.3  1429.5  1521.2  1819.2  2368.4  5078.7 28445.7 38503.1  47515.5    55000
Warning! Detected max cpu usage > 95%
CPU Usage Stats (avg/min/max): 82.49%,47.47%,100.00%

ubuntu@client-measure-550w:~/memcache-perf$ ./mcperf -s 100.96.3.2 -a 10.156.0.3 --noload -T 16 -C 4 -D 4 -Q 1000 -c 4 -t 5 --scan 5000:55000:5000
#type       avg     std     min      p5     p10     p50     p67     p75     p80     p85     p90     p95     p99    p999   p9999     QPS   target
read      503.7  1292.1    93.8   184.3   238.6   379.4   441.5   477.6   505.1   537.0   579.5   660.7  4150.2 30574.6 35608.7   4969.8     5000
read      613.7  1204.8    86.8   179.5   239.1   489.2   606.3   668.7   715.0   771.5   848.9  1006.6  3414.9 13389.6 37460.1  10033.2    10000
read      695.2  1231.8    86.8   169.3   221.2   535.9   678.3   763.9   826.6   902.4  1012.1  1184.7  4756.7 15344.6 32414.2  15014.4    15000
read      807.6  1748.3    80.4   167.4   223.2   613.8   763.5   858.9   935.3  1033.9  1157.7  1371.1  5971.8 30201.1 58000.3  19892.8    20000
read      746.7  1188.9    80.4   167.7   220.9   614.5   772.5   871.5   948.4  1047.6  1172.1  1356.5  4328.0 18491.7 38164.8  24945.6    25000
read      801.6  1299.6    74.4   169.1   228.9   632.1   818.5   938.1  1033.9  1152.3  1295.0  1537.4  4381.8 17169.6 48251.1  30065.2    30000
read      873.8  1399.1    80.4   180.7   254.4   699.0   903.6  1028.4  1123.9  1229.6  1363.1  1594.5  5332.1 19538.0 40161.5  35065.6    35000
read      884.8  1139.4    80.4   201.5   288.9   746.2   958.9  1081.3  1163.7  1261.1  1389.8  1649.2  3615.4 12006.8 39491.2  39950.6    40000
read      979.0  1202.4    80.4   227.8   327.7   870.2  1068.2  1159.1  1244.4  1371.3  1509.3  1826.1  3723.6 13876.0 39460.5  44941.4    45000
read     1323.9  1181.9    86.8   860.9   952.7  1164.5  1263.2  1338.0  1400.0  1519.4  1761.6  2197.7  3220.1 16893.8 48374.6  49241.8    50000
read     1427.0  1243.4    80.4  1043.9  1102.6  1245.6  1318.8  1374.4  1435.0  1523.7  1798.6  2370.0  3298.6 27645.8 36387.7  47838.8    55000
Warning! Detected max cpu usage > 95%
CPU Usage Stats (avg/min/max): 81.14%,43.43%,100.00%

ubuntu@client-measure-550w:~/memcache-perf$ ./mcperf -s 100.96.3.2 -a 10.156.0.3 --noload -T 16 -C 4 -D 4 -Q 1000 -c 4 -t 5 --scan 5000:55000:5000
#type       avg     std     min      p5     p10     p50     p67     p75     p80     p85     p90     p95     p99    p999   p9999     QPS   target
read      513.6  1341.7    93.8   190.8   248.7   395.3   466.2   501.7   526.7   554.8   598.3   689.1  3241.7 30756.9 32347.5   4988.2     5000
read      634.7  1229.6    86.8   171.8   233.9   502.6   621.7   690.6   736.5   790.8   864.6  1000.5  3957.1 20869.6 32463.9   9954.4    10000
read      708.1  1257.8    86.8   168.5   228.7   562.0   710.1   797.2   858.7   931.0  1020.0  1193.3  4912.5 16937.9 38587.7  14994.8    15000
read      731.6  1184.9    80.4   162.5   215.9   585.1   743.8   844.7   918.5  1002.9  1109.5  1327.8  4779.3 14302.1 37131.3  20010.2    20000
read      864.0  1586.0    74.4   169.2   229.7   666.9   837.7   941.8  1019.4  1118.7  1258.0  1543.7  6773.4 30471.7 42226.8  24935.2    25000
read      769.5  1176.9    80.4   165.5   220.1   620.5   797.0   906.0   988.6  1087.1  1213.9  1440.2  5151.5 11632.0 36397.6  30046.2    30000
read      884.2  1283.1    74.4   187.8   259.3   725.1   927.9  1047.3  1137.4  1245.4  1379.5  1661.7  4862.0 20105.2 39296.2  34971.8    35000
read      930.9  1403.8    80.4   193.8   276.7   766.4  1000.6  1120.2  1200.4  1305.7  1453.7  1759.0  4207.6 28120.7 37450.0  39806.6    40000
read     1150.1  1207.3    80.4   314.5   454.6  1103.5  1231.9  1307.0  1367.9  1454.3  1610.8  2091.6  3473.8 15830.2 35875.5  44933.4    45000
read     1408.5  1092.4   109.4  1033.7  1084.9  1239.1  1315.4  1372.2  1432.9  1528.7  1873.3  2337.2  3164.6 15986.6 36472.3  47964.8    50000
read     1328.9  1190.4    86.8   944.6   980.4  1128.9  1198.5  1267.6  1341.7  1474.6  1898.6  2199.2  3957.1 19515.9 36444.9  51027.1    55000
Warning! Detected max cpu usage > 95%
CPU Usage Stats (avg/min/max): 81.97%,45.92%,100.00%