// no interference

ubuntu@client-measure-550w:~/memcache-perf$ ./mcperf -s 100.96.3.2 -a 10.156.0.3 --noload -T 16 -C 4 -D 4 -Q 1000 -c 4 -t 5 --scan 5000:55000:5000
#type       avg     std     min      p5     p10     p50     p67     p75     p80     p85     p90     p95     p99    p999   p9999     QPS   target
read      543.5   673.2    93.8   224.3   301.4   485.3   555.1   599.1   635.2   683.0   745.2   853.2  1313.4  8896.7 29847.9   4958.0     5000
read      654.8   819.8    80.4   194.3   269.1   581.4   722.7   804.7   860.4   921.1   989.3  1090.8  1560.3 11092.1 31326.5   9965.9    10000
read      693.3   563.6    80.4   182.1   249.4   627.9   802.4   905.4   965.0  1021.5  1097.7  1243.1  1690.9  7926.6 18111.6  14928.0    15000
read      720.4   578.1    80.4   180.2   243.1   650.2   832.0   946.5  1018.4  1082.3  1173.5  1345.1  1860.3  6503.0 20766.1  20021.8    20000
read      708.8   600.7    80.4   176.1   232.8   639.0   815.6   933.2  1022.7  1101.7  1203.1  1374.3  1764.2  4928.1 24841.9  25021.6    25000
read      699.0   577.5    74.4   172.4   225.4   631.6   803.0   917.5  1005.8  1101.0  1191.2  1366.5  1771.7  7065.9 22197.2  29790.8    30000
read      701.5   616.2    80.4   174.6   228.7   629.3   803.9   913.6   999.6  1104.3  1210.4  1397.4  1839.8  5370.8 28591.2  35028.6    35000
read      713.4   623.3    74.4   176.2   234.7   655.2   819.7   920.7  1002.1  1102.6  1213.4  1390.2  1824.6  6780.4 20335.0  39811.4    40000
read      774.3   615.6    74.4   204.0   280.1   708.2   885.4   993.6  1072.6  1166.3  1287.2  1506.9  2094.3  5662.4 24151.5  44923.0    45000
read     1135.6   772.5    80.4   415.3   582.8  1084.9  1206.5  1283.9  1362.1  1466.0  1621.1  2003.0  2661.0 10206.0 29503.1  49909.2    50000
read     1256.0   869.4    80.4   897.0   951.5  1121.6  1197.2  1269.0  1343.8  1458.7  1733.0  2111.7  2622.4 12822.2 31819.9  53295.7    55000
Warning! Detected max cpu usage > 95%
CPU Usage Stats (avg/min/max): 78.80%,36.41%,100.00%

ubuntu@client-measure-550w:~/memcache-perf$ ./mcperf -s 100.96.3.2 -a 10.156.0.3 --noload -T 16 -C 4 -D 4 -Q 1000 -c 4 -t 5 --scan 5000:55000:5000
#type       avg     std     min      p5     p10     p50     p67     p75     p80     p85     p90     p95     p99    p999   p9999     QPS   target
read      478.0   493.3    93.8   217.5   266.6   414.9   500.4   554.7   590.9   628.9   676.6   745.1  1530.1  5618.8 15655.1   5020.8     5000
read      616.9   739.8    80.4   196.7   249.7   563.9   672.3   737.7   799.1   876.1   963.4  1076.2  1501.0  6921.6 31563.6   9974.6    10000
read      684.1   526.1    86.8   207.9   274.4   616.5   786.4   882.8   942.9  1007.8  1094.0  1236.1  1608.6  5364.5 21324.6  14967.2    15000
read      676.0   563.0    80.4   187.9   255.5   609.5   779.0   861.3   919.2   990.8  1086.5  1280.4  1729.1  7360.5 19762.0  19933.2    20000
read      698.7   506.4    74.4   181.1   244.5   639.0   801.8   891.2   963.4  1058.0  1210.6  1375.0  1791.7  5717.1 15768.3  24997.8    25000
read      713.3   615.1    74.4   177.1   238.9   651.0   810.7   904.0   978.3  1092.2  1233.4  1386.7  1821.1  7993.3 24528.8  30093.8    30000
read      728.7   550.2    74.4   180.3   241.0   666.6   829.9   931.5  1024.4  1133.2  1243.5  1440.9  1908.6  6744.9 16078.1  35102.0    35000
read      700.6   551.6    74.4   181.6   244.1   634.6   790.4   890.7   982.9  1079.6  1199.2  1399.9  1818.8  5006.1 20156.9  40035.4    40000
read      794.9   628.8    80.4   214.2   299.6   724.6   906.7  1009.7  1084.1  1177.7  1308.8  1527.1  2131.2  5463.7 28704.1  44974.8    45000
read      969.0   727.9    80.4   312.0   431.3   923.0  1074.4  1163.0  1236.8  1332.2  1470.2  1754.9  2377.1  8103.8 29238.3  50009.4    50000
read     1296.5   915.0    86.8   927.5   972.9  1149.9  1251.1  1334.2  1407.7  1512.2  1779.3  2148.9  2728.5 15726.5 32154.6  51977.4    55000
Warning! Detected max cpu usage > 95%
CPU Usage Stats (avg/min/max): 83.33%,50.00%,100.00%

ubuntu@client-measure-550w:~/memcache-perf$ ./mcperf -s 100.96.3.2 -a 10.156.0.3 --noload -T 16 -C 4 -D 4 -Q 1000 -c 4 -t 5 --scan 5000:55000:5000
#type       avg     std     min      p5     p10     p50     p67     p75     p80     p85     p90     p95     p99    p999   p9999     QPS   target
read      517.2   597.6   101.3   213.6   258.9   447.5   529.6   583.0   638.3   698.4   754.9   842.5  1335.5  8021.1 20120.9   4987.6     5000
read      682.0   609.3    86.8   218.8   299.2   648.5   764.1   842.0   905.8   981.1  1063.4  1172.1  1477.1  5782.7 30524.4   9960.8    10000
read      744.5   572.5    86.8   204.6   284.7   673.9   858.1   963.2  1029.8  1097.9  1181.8  1324.1  1805.1  7976.3 15899.0  15080.2    15000
read      748.4   736.8    80.4   189.2   259.4   665.8   873.0   975.7  1041.8  1118.6  1220.0  1382.9  1785.6  7981.7 31597.4  20002.6    20000
read      757.6   703.1    80.4   185.5   249.5   675.4   877.7   981.3  1059.1  1153.6  1273.3  1460.5  1960.7  9993.9 25255.4  24945.8    25000
read      720.4   602.6    86.8   177.4   234.2   650.5   833.4   933.3  1014.6  1118.8  1254.5  1431.1  1833.3  7856.1 24290.3  29984.0    30000
read      723.1   550.5    74.4   178.8   237.9   669.3   843.7   940.0  1019.1  1115.7  1244.6  1405.8  1833.9  4951.1 20014.3  35074.0    35000
read      731.1   578.0    74.4   185.4   252.1   678.2   844.3   941.3  1018.1  1110.0  1233.3  1401.0  1863.5  5359.5 22428.5  40013.8    40000
read      765.9   569.2    74.4   205.0   280.2   701.5   875.9   982.7  1063.8  1161.5  1278.7  1486.4  2008.7  4919.3 19109.0  44961.0    45000
read      963.3   764.7    80.4   292.9   407.9   914.3  1072.9  1165.3  1246.0  1348.9  1484.5  1763.0  2466.9  8515.4 30802.3  49724.1    50000
read     1302.3   812.7   109.4   922.8   971.0  1161.6  1262.2  1343.4  1418.7  1543.2  1829.8  2183.1  2745.1 11178.0 31739.7  51492.3    55000
Warning! Detected max cpu usage > 95%
CPU Usage Stats (avg/min/max): 82.17%,46.50%,100.00%