ubuntu@client-measure-pmp6:~/memcache-perf-dynamic$ ./mcperf -s 10.156.15.226 -a 10.156.15.225 --noload -T 16 -C 4 -D 4 -Q 1000 -c 4 -t 1800 --qps_interval 3 --qps_min 5000 --qps_max 100000 --qps_seed 42
Random waveform, supplied seed
Total number of intervals = 600 (5031, 54838, 74868, 30015, 40743, 23648, 97712, 53672, 55395, 29425, 15173, 82475, 90555, 47944, 28313, 28504, 22886, 35717, 14828, 81704, 55771, 85226, 75020, 12441, 56208, 17446, 86943, 49138, 49839, 47752, 27181, 6170, 7187, 99387, 91970, 79658, 59230, 78081, 64242, 37702, 40686, 30376, 38416, 65892, 39560, 10016, 55224, 19982, 48114, 36283, 23315, 11150, 98724, 56880, 13467, 99368, 46206, 71651, 22741, 56654, 99570, 23047, 70008, 42943, 46704, 75970, 21917, 82027, 81583, 14259, 7821, 17727, 65559, 41133, 28693, 53141, 54512, 14835, 98446, 38117, 77994, 30209, 68315, 91940, 49308, 46880, 92540, 49396, 97841, 35404, 80451, 87228, 75554, 57964, 83546, 55468, 34203, 37629, 34577, 47426, 58845, 66993, 10977, 51529, 48344, 5902, 71602, 41886, 47456, 93939, 16890, 45689, 32790, 44044, 28149, 39739, 72475, 93882, 6692, 50406, 83055, 55609, 16968, 43031, 17236, 82183, 42212, 12244, 61777, 36984, 29093, 41715, 34838, 63574, 24401, 32025, 98971, 23657, 67877, 53849, 79536, 17081, 39024, 26125, 33388, 20979, 95865, 73949, 60987, 54175, 51484, 39771, 32864, 42033, 43808, 45785, 35582, 38504, 15320, 74264, 43890, 5962, 38365, 55971, 23217, 87681, 91728, 96668, 80475, 27150, 53444, 23737, 87776, 82175, 98548, 37704, 64701, 69089, 89785, 16676, 69604, 99682, 97693, 17381, 40069, 8841, 56576, 21599, 53003, 19831, 80340, 28765, 25572, 37071, 75819, 44359, 95960, 59630, 47930, 65545, 94038, 51806, 48712, 13115, 76569, 19372, 59331, 62597, 37702, 41975, 26100, 82500, 50756, 66696, 53364, 10413, 64876, 69079, 19447, 81182, 25265, 9699, 48659, 75126, 96559, 55885, 9039, 66378, 41225, 52371, 39873, 41176, 85357, 85391, 91890, 57558, 9972, 74636, 29773, 63494, 7201, 49507, 65454, 88537, 36982, 88964, 96479, 47883, 50650, 89242, 7374, 8507, 50676, 57069, 43520, 56720, 68155, 60444, 63997, 17315, 78596, 81548, 97254, 46135, 13379, 46993, 98274, 97056, 43434, 36406, 99121, 80708, 40517, 34168, 11754, 93304, 64697, 92626, 75618, 85805, 18930, 50153, 10377, 33112, 28777, 45709, 74458, 73596, 28031, 45754, 80138, 64350, 51870, 81106, 82064, 30534, 25449, 67525, 27070, 41133, 28009, 64235, 16387, 62388, 40199, 16884, 55763, 41925, 42341, 93577, 7657, 14232, 30107, 71078, 85372, 54930, 5750, 80137, 41449, 17301, 19930, 41776, 8596, 30870, 69978, 23908, 9848, 71598, 77156, 14083, 87786, 57205, 53142, 77998, 98830, 32447, 74382, 32271, 55273, 68152, 25419, 43187, 60608, 62150, 30864, 69566, 38183, 51253, 53027, 37133, 73413, 78811, 88317, 46504, 46147, 35073, 18693, 46834, 76427, 96007, 83666, 64655, 54099, 5485, 94089, 57214, 23788, 75649, 39466, 47463, 19155, 18449, 35235, 93118, 76391, 70733, 74230, 37188, 48862, 59325, 66219, 25760, 75255, 67915, 23004, 21973, 82811, 38870, 85697, 94176, 89142, 39251, 36339, 30304, 58303, 78732, 81734, 85654, 40030, 11145, 24220, 36178, 69625, 80189, 64261, 78356, 30570, 63922, 82549, 7574, 42298, 39152, 88634, 60765, 30534, 35563, 96837, 74496, 42819, 50120, 16904, 11439, 24076, 84757, 76496, 34744, 5910, 6391, 25594, 30327, 62849, 91392, 44328, 47665, 79152, 11613, 96212, 27129, 86430, 58712, 23931, 8445, 55537, 54706, 51997, 18803, 88693, 91224, 76765, 80364, 54372, 32473, 25920, 11574, 99135, 24026, 92271, 88470, 58597, 83103, 19062, 72681, 30900, 94867, 22477, 97890, 11845, 95363, 90122, 81157, 78569, 97434, 29257, 42139, 21444, 18314, 49203, 87787, 77490, 16464, 23314, 88655, 28245, 40610, 77039, 35056, 26782, 53121, 15035, 33766, 99826, 49516, 25895, 64849, 79516, 55109, 69984, 34454, 64785, 43963, 90279, 62151, 46958, 82432, 45518, 97055, 28977, 72436, 5078, 81357, 28531, 87140, 36881, 12972, 41961, 76602, 93251, 35269, 86366, 29241, 57116, 81511, 45059, 75774, 61736, 8949, 66290, 82937, 74263, 25664, 64314, 23804, 66356, 49506, 54758, 72283, 95641, 24157, 15088, 73735, 75655, 44689, 37890, 50565, 81326, 75641, 97055, 26336, 63820, 85404, 18025, 42168, 37351, 31615, 46356, 24714, 67626, 15739, 87755, 14357, 51514, 72102, 84799, 21168, 43828, 13381, 70057, 19482, 13593, 30935, 27564, 89146, 12015, 12458, 43213, 34454, 79142, 43458, 65461, 17883, 21816, 92112, 86516, 85434, 49269, 64819, 45466, 74721, 22910, 47947, 69579, 61494, 31948, 43538, 70090, 9010, 53510, 84446, 70319, 55737)
Average QPS expected = 52043
Timestamp start: 1621796783171
Timestamp end: 1621798583718

#type       avg     std     min      p5     p10     p50     p67     p75     p80     p85     p90     p95     p99    p999   p9999      QPS   target
read      289.4   546.0    80.4   144.9   174.3   247.7   275.7   295.0   310.2   328.8   355.7   402.6   898.3  7643.0 21344.6   4941.0     5031
read      429.6   679.7    68.9   115.9   137.8   324.7   412.7   466.4   510.9   570.5   657.2   972.1  2365.1  6664.6 30950.3  54708.7    54838
read      445.9   751.2    68.9   118.7   144.2   348.0   429.3   478.2   519.7   579.2   670.1   851.5  2744.8  9608.7 31043.6  74824.7    74868
read      539.1  1032.6    68.9   111.3   132.1   327.5   455.7   586.9   798.7   982.1  1126.3  1314.9  3171.5 11961.7 32249.3  29980.3    30015
read      503.3   681.6    68.9   109.2   127.8   313.2   413.4   511.3   662.8  1057.0  1290.8  1512.6  1982.1  7142.5 29874.1  40720.0    40743
read      474.8   712.2    68.9   110.0   130.3   314.8   465.3   642.0   788.9   886.5   979.9  1092.1  1405.3  8689.3 31386.4  23798.7    23648
read      447.1   547.7    74.4   132.8   168.4   365.9   434.2   482.1   526.4   596.5   705.5   890.1  2071.6  6318.6 20378.1  97700.0    97712
read      484.1   667.1    74.4   113.2   134.6   315.8   407.3   473.1   539.0   656.7  1182.6  1720.0  2308.0  7149.3 18906.9  54004.0    53672
read      481.7   746.6    68.9   106.7   125.0   291.8   376.2   435.3   495.0   589.7  1400.8  1871.3  2345.9  8796.3 30195.6  55217.3    55395
read      544.9  1056.8    68.9   108.5   127.0   316.1   436.6   581.0   858.7  1040.3  1172.3  1349.4  2969.8 15325.7 33990.8  29575.7    29425
read      611.4  1773.2    74.4   112.1   134.8   329.5   491.4   605.1   666.9   735.1   811.8   968.0  7717.0 30424.0 38276.8  15170.7    15173
read      487.2   829.7    68.9   124.3   154.4   359.1   430.9   484.7   537.7   626.6   759.0  1459.1  2710.4  9037.4 32132.0  82402.7    82475
read      437.7   726.9    68.9   126.5   156.4   353.3   427.9   476.1   518.1   578.7   663.4   803.4  2492.0  9041.7 31466.8  90635.7    90555
read      504.9   759.6    68.9   112.2   132.3   318.2   414.2   485.1   554.3   702.2  1315.0  1758.0  2347.7  9662.7 29881.6  48062.0    47944
read      613.4  1248.3    74.4   115.1   137.0   342.9   497.0   723.3   923.2  1060.8  1202.1  1455.3  4440.1 13425.6 37017.0  28351.0    28313
read      543.8   892.0    74.4   116.0   137.9   333.8   483.0   672.0   872.4  1011.3  1143.6  1326.9  2458.7 11243.7 32329.7  28447.7    28504
read      529.6   819.9    68.9   116.7   139.3   339.3   506.8   686.5   819.7   922.3  1027.8  1172.6  3105.9  9878.1 31026.1  22801.3    22886
read      508.1   629.4    68.9   115.2   135.7   322.9   434.7   548.4   780.6  1056.1  1244.6  1450.5  1962.9  4813.2 25352.5  35771.3    35717
read      399.2   335.5    68.9   111.6   133.7   312.7   461.7   568.2   623.2   677.2   741.7   827.5  1015.3  3775.2  7850.2  14930.7    14828
read      531.4   921.4    68.9   125.3   159.0   366.3   432.5   489.0   552.6   655.7   790.2  1616.0  3545.5 10933.6 31924.8  81518.0    81704
read      412.3   653.8    68.9   111.6   131.6   319.1   404.8   454.7   495.5   550.2   632.3   901.4  2107.9  7205.4 31993.0  55827.7    55771
read      419.3   607.1    68.9   119.2   145.9   339.1   414.2   460.7   500.3   556.6   642.2   791.8  2782.9  6893.6 29325.6  85129.7    85226
read      424.1   777.5    68.9   114.3   136.6   325.5   401.9   450.7   491.3   548.8   633.9   801.9  2599.5  8827.8 35322.4  75110.7    75020
read      391.1   490.8    74.4   114.7   138.3   309.8   429.9   511.4   562.4   613.4   671.7   758.8  1174.9  5490.0 24154.1  12469.3    12441
read      482.6   716.8    68.9   106.3   126.0   293.8   382.4   446.7   507.5   623.1  1324.8  1846.5  2367.1  7648.2 30828.4  56181.7    56208
read      564.1  1571.5    68.9   107.6   129.5   313.0   473.6   616.3   686.6   759.9   842.0   975.6  5801.6 30629.0 41378.3  17515.7    17446
read      459.6   894.7    68.9   120.7   149.2   343.5   412.6   460.5   505.9   579.9   682.4   924.7  2613.8 12410.5 32340.9  87029.7    86943
read      470.6   641.8    68.9   108.4   126.7   302.1   395.7   471.1   548.8   737.2  1206.1  1563.9  2106.4  5868.7 23262.7  49089.7    49138
read      538.7   788.4    68.9   109.9   130.7   312.6   414.6   511.0   650.2  1072.1  1429.2  1725.0  2770.0  6753.7 31184.1  49646.3    49839
read      544.2   900.4    68.9   107.9   127.9   312.4   412.6   501.8   614.4  1042.6  1418.9  1727.8  2865.6  9434.7 31947.4  47839.7    47752
read      493.6   702.7    68.9   107.0   126.5   310.8   457.0   653.9   815.1   924.4  1031.6  1176.8  2088.5  8362.6 29429.0  27175.7    27181
read      631.7  2577.3    74.4   122.8   154.3   263.6   329.1   370.5   398.7   434.2   484.1   694.0  9084.3 36404.1 40316.3   6210.3     6170
read      638.7  2397.7    74.4   119.8   152.8   279.5   361.3   407.9   439.1   476.9   532.9   799.3  9162.1 35349.5 37918.4   7110.3     7187
read      496.5   731.3    68.9   142.2   187.0   386.9   445.0   491.5   549.5   655.9   784.6  1095.9  2357.7  8697.9 31103.9  99029.7    99387
read      406.2   660.8    68.9   119.6   146.3   331.4   402.6   446.9   484.5   539.8   620.0   748.5  2615.6  6900.3 30945.1  91987.3    91970
read      404.2   588.1    68.9   113.6   136.3   319.5   394.0   440.6   480.8   537.9   619.9   771.0  2600.5  6426.1 28544.7  79758.7    79658
read      406.3   685.1    68.9   109.8   129.2   309.8   392.0   438.4   478.6   533.0   608.2   807.1  2183.9  9504.5 30546.6  59251.7    59230
read      402.2   588.9    68.9   113.4   135.9   320.0   394.0   440.8   481.7   539.4   619.7   758.6  2520.7  7673.3 21710.6  78394.0    78081
read      399.5   526.1    68.9   111.6   131.8   314.1   395.9   445.3   485.8   541.7   619.3   804.3  2225.6  5536.3 16987.3  64151.7    64242
read      526.1   990.5    74.4   109.0   128.4   312.4   410.8   512.5   678.1  1021.8  1222.4  1443.3  2853.3 12935.2 36448.1  37849.7    37702
read      518.6   791.3    68.9   108.2   127.0   315.6   420.4   530.6   703.1  1068.9  1291.3  1513.5  2117.1  8300.7 31927.3  40676.7    40686
read      544.9  1175.9    68.9   107.4   127.1   313.1   445.8   617.7   847.9   991.6  1111.7  1275.6  3056.6 12720.6 36714.5  30435.0    30376
read      507.2   758.6    68.9   107.3   126.1   310.9   415.0   530.8   749.1  1032.8  1220.4  1438.5  2097.8  8288.4 31608.6  38535.0    38416
read      464.1   673.4    68.9   113.3   136.6   325.5   405.8   462.9   517.5   594.0   741.7  1572.9  2466.2  7793.5 24634.9  65713.3    65892
read      508.4   900.0    68.9   108.3   126.7   307.0   401.9   497.3   629.0  1001.6  1230.3  1457.3  2302.2 10902.1 31697.5  39347.7    39560
read      563.6  1877.0    74.4   112.4   137.9   301.4   422.9   485.5   525.3   569.2   627.7   764.5  6756.5 31475.1 39654.4  10123.7    10016
read      508.9   735.0    68.9   109.3   129.3   306.0   399.5   480.6   573.0   877.6  1396.1  1726.3  2316.2  7884.4 30242.6  54901.7    55224
read      583.9  1541.7    68.9   108.0   129.8   312.7   476.1   644.7   736.6   822.3   907.9  1054.7  6192.1 25038.1 35927.4  20013.7    19982
read      499.1   733.1    68.9   107.9   126.9   302.8   398.1   481.5   574.6   959.4  1316.6  1609.2  2138.9  7838.3 29297.4  47994.0    48114
read      586.6  1193.0    68.9   108.3   128.6   320.4   443.8   596.6   875.5  1087.2  1267.0  1491.8  4029.3 14604.9 32164.4  36541.7    36283
read      501.8   983.9    74.4   107.7   127.1   307.0   463.1   657.1   776.2   865.2   957.2  1083.4  3295.4 10273.5 35224.5  23216.7    23315
read      653.0  2260.6    74.4   113.3   138.9   313.9   444.6   517.7   560.1   607.8   673.2   851.9 10206.8 32123.4 39548.5  10937.7    11150
read      534.3   964.9    68.9   149.3   200.9   395.7   459.8   508.7   578.0   683.3   805.1  1191.3  2707.4 12132.9 32047.9  98731.7    98724
read      439.4   891.1    68.9   111.5   132.3   318.2   403.1   452.5   495.3   552.6   637.4   939.9  2352.8 11584.5 31895.1  56855.3    56880
read      582.7  1736.0    74.4   110.6   135.6   318.9   466.0   553.2   606.7   663.8   737.4   895.7  6751.9 30677.3 32426.3  13443.7    13467
read      562.9   693.4    74.4   169.4   237.3   413.3   475.1   547.6   667.1   778.7   922.2  1581.4  2342.9  8808.3 29419.1  99359.3    99368
read      478.6   694.3    68.9   106.9   125.4   300.6   394.6   472.4   556.6   815.2  1241.6  1543.1  2098.9  6420.6 31181.1  46401.0    46206
read      437.5   636.3    68.9   112.9   135.8   321.8   401.7   455.7   502.4   568.8   671.0  1163.2  2676.2  7428.3 23696.4  71580.3    71651
read      576.3  1448.6    68.9   106.3   126.2   312.6   466.8   649.1   770.2   864.3   963.7  1128.2  5628.0 28039.3 35656.3  22893.3    22741
read      491.0   657.7    68.9   108.8   128.9   299.4   390.8   458.4   528.5   712.5  1393.4  1783.4  2347.1  5854.9 22141.1  56592.3    56654
read      516.8   752.9    68.9   146.8   194.7   398.8   465.5   515.6   576.8   690.1   826.7  1420.5  2135.6 10082.2 31107.8  99763.7    99570
read      515.9  1014.0    68.9   107.3   126.6   309.8   464.0   636.2   754.5   850.8   941.8  1086.3  3762.3 13233.4 32310.8  22952.7    23047
read      443.6   667.1    68.9   113.5   137.3   319.0   397.4   452.8   502.8   573.5   677.0  1433.0  2596.5  6539.1 24741.3  69812.0    70008
read      515.1   864.7    68.9   108.1   127.9   311.5   407.9   495.6   606.0   985.2  1280.5  1539.3  2382.0  9330.2 31620.5  42925.3    42943
read      520.4   823.1    68.9   108.3   127.0   309.0   413.3   512.6   665.3  1048.8  1333.0  1598.5  2185.3  8564.3 31605.4  46696.3    46704
read      494.1   739.4    68.9   116.4   144.0   339.6   413.5   473.0   539.4   633.2   830.2  1639.5  2669.9  7863.5 31071.8  75630.0    75970
read      432.8   509.2    68.9   110.3   130.7   304.8   441.7   572.7   699.7   806.8   897.7  1014.1  1282.5  6658.8 28064.1  21990.0    21917
read      539.9   815.6    68.9   126.1   161.8   370.3   440.1   504.1   578.4   695.8   903.1  1743.9  3055.4  8540.5 31517.5  81788.0    82027
read      418.3   718.4    68.9   116.3   140.8   333.6   406.4   452.7   491.7   546.5   631.6   778.6  2526.9  8037.6 31357.1  81571.3    81583
read      532.2  1449.7    74.4   114.8   140.5   328.9   478.0   586.7   650.1   715.9   801.1   941.5  3455.8 24984.3 48641.4  14436.3    14259
read      804.7  2709.9    74.4   127.3   161.8   328.5   440.1   495.5   535.7   586.5   688.1  2052.1 12118.8 34889.4 43727.4   7727.3     7821
read      615.2  1530.0    68.9   116.7   140.6   349.2   543.4   694.9   778.4   855.0   946.2  1135.8  6155.4 29641.8 41529.8  17727.3    17727
read      629.6  1012.2    74.4   130.2   165.5   393.8   478.3   583.3   707.2  1077.7  1582.7  1895.8  2939.3 11013.0 35368.3  65116.3    65559
read      548.3   834.9    74.4   115.3   136.3   336.4   444.6   544.5   692.5  1113.5  1391.1  1632.5  2282.7  9998.2 31371.4  41021.7    41133
read      553.3  1019.5    68.9   112.8   133.7   330.0   470.6   656.0   873.1  1020.4  1155.0  1342.6  2904.2 10876.5 36300.4  28558.7    28693
read      493.2   609.1    68.9   108.7   128.3   300.2   397.4   481.0   579.8   918.5  1350.1  1660.3  2174.8  5387.7 14355.8  53021.7    53141
read      486.9   717.6    68.9   105.2   124.4   294.1   383.1   448.5   512.5   633.8  1409.9  1828.6  2376.9  6896.8 25493.8  54466.3    54512
read      568.8  1591.0    68.9   110.4   134.9   330.0   500.2   603.4   660.1   719.8   800.4   949.0  5659.0 31033.1 39485.8  14823.7    14835
read      466.7   614.4    68.9   133.5   171.0   381.3   450.3   495.9   539.1   611.9   736.0   952.3  2162.0  7457.7 30235.7  98657.0    98446
read      475.5   648.1    68.9   107.7   126.5   312.3   409.4   498.8   599.6   896.6  1146.5  1361.1  1857.4  7116.6 26867.7  38255.0    38117
read      515.8   895.0    68.9   118.9   148.5   352.6   422.8   484.5   549.6   651.1   836.6  1620.8  2770.4 12317.3 32068.2  77941.7    77994
read      544.7  1239.2    68.9   106.8   125.9   312.0   431.6   560.3   768.0   950.5  1087.9  1258.7  3308.6 17180.6 35673.6  30173.3    30209
read      534.3  1084.6    68.9   116.8   144.8   344.7   420.1   477.7   537.4   627.4   797.5  1714.1  3749.5 12474.0 32204.4  68087.3    68315
read      424.4   771.8    68.9   123.3   153.3   346.3   420.6   464.0   501.0   553.4   636.2   777.3  2097.7  8776.4 31658.1  91681.7    91940
read      465.6   710.5    68.9   108.4   127.8   308.7   399.8   462.8   522.3   613.8  1045.0  1596.8  2171.5  7779.0 31686.4  49562.0    49308
read      495.9   808.5    68.9   103.2   120.8   299.7   387.7   457.1   528.1   701.5  1414.6  1702.0  2197.2  8013.7 30907.4  46844.7    46880
read      560.7   873.3    68.9   147.5   201.8   399.5   477.0   542.9   626.5   738.9   937.8  1587.6  2472.7 12375.3 33172.6  92513.7    92540
read      477.7   603.5    68.9   108.4   127.9   306.4   402.0   475.9   549.9   752.0  1297.6  1628.2  2071.8  4303.8 17998.0  49291.0    49396
read      531.7   635.8    74.4   157.0   212.2   434.7   502.3   555.3   607.7   703.3   854.3  1143.4  2159.7  7206.4 26939.3  97908.3    97841
read      563.0   979.6    68.9   114.1   135.9   339.9   447.9   550.4   690.4  1104.0  1359.0  1616.9  2501.3 12061.7 31976.0  35332.3    35404
read      584.1   816.8    68.9   139.7   185.2   420.8   486.7   546.3   635.7   799.9  1088.6  1729.8  2761.1 10273.4 31538.4  80312.7    80451
read      426.8   699.4    68.9   122.0   149.8   345.7   420.8   466.8   505.7   560.4   643.6   787.8  2491.1  8365.2 31180.9  87172.3    87228
read      412.3   688.0    68.9   111.8   133.6   317.9   392.5   439.3   479.9   535.2   616.1   769.1  2747.8  7150.0 31249.2  75866.3    75554
read      414.9   704.9    68.9   109.0   129.1   310.4   394.3   444.7   487.3   545.0   632.1  1064.9  2104.7  7725.1 31834.6  58140.3    57964
read      501.4   748.6    68.9   123.9   157.8   363.8   434.2   492.8   554.6   661.4   820.0  1563.4  2581.4  6918.6 31197.2  83585.7    83546
read      456.3   603.8    68.9   101.7   119.7   285.1   370.7   427.0   479.3   557.9  1190.9  1861.7  2336.4  4242.0 13194.0  55512.7    55468
read      507.2   886.8    68.9   106.2   125.6   310.1   430.0   572.7   825.7  1012.4  1149.8  1322.2  1862.1 11637.1 36454.6  34242.3    34203
read      508.3   732.8    68.9   107.7   127.5   314.6   427.1   552.4   792.8  1031.0  1212.6  1415.8  1908.3  8874.6 29655.4  37454.0    37629
read      514.3   817.7    68.9   106.6   127.1   315.9   432.5   569.9   818.8  1013.7  1169.2  1360.6  2269.7  8659.1 31677.1  34614.0    34577
read      503.5   760.9    68.9   106.8   126.5   306.7   399.8   480.1   567.3   873.2  1379.1  1678.7  2193.9  7952.6 31149.7  47546.0    47426
read      408.8   574.6    68.9   108.6   128.4   308.0   390.3   438.9   478.9   535.6   619.0   993.6  2272.1  6104.4 15381.1  59125.7    58845
read      411.3   624.9    68.9   111.1   133.0   318.3   398.7   448.5   489.4   545.7   627.7   848.0  2375.2  6127.1 30315.1  66954.3    66993
read      543.7  1642.5    74.4   111.5   135.7   298.3   410.0   484.9   534.2   586.9   653.3   806.6  6755.1 30666.3 34466.8  10844.7    10977
read      505.9   751.3    68.9   108.1   127.5   303.6   396.5   467.1   535.3   700.6  1457.9  1810.0  2342.2  9583.4 24678.2  51285.3    51529
read      500.0   807.6    68.9   115.3   137.9   334.7   428.0   487.8   541.7   621.4   845.7  1823.5  2534.6  7692.9 31404.8  48350.0    48344
read      653.3  2392.7    74.4   134.1   170.5   297.9   376.2   426.9   462.5   503.3   560.4   910.2  8651.2 35453.2 38254.2   5968.3     5902
read      453.5   741.0    68.9   114.3   137.5   326.1   406.0   461.4   511.3   584.9   711.3  1449.1  2466.3  7798.5 31184.4  71156.3    71602
read      465.8   683.5    68.9   103.6   120.9   295.8   382.3   447.9   513.9   673.3  1272.9  1548.7  1967.6  8024.4 30219.7  41885.0    41886
read      498.8   650.3    68.9   109.1   128.5   311.0   409.4   499.8   611.3   985.2  1332.3  1601.3  2051.8  5833.8 28881.0  47376.0    47456
read      478.6   628.0    68.9   131.1   168.1   379.2   447.3   493.7   540.2   623.2   753.0  1058.5  2485.7  6462.5 30016.4  93628.0    93939
read      515.8  1277.3    68.9   108.8   130.8   318.7   469.4   595.0   665.0   732.3   817.3   946.2  3945.2 25316.7 36844.1  16841.7    16890
read      528.2   770.5    68.9   110.5   131.1   318.8   422.1   512.2   631.9  1041.2  1385.0  1662.8  2206.6  9136.6 30188.5  45752.3    45689
read      494.8   762.8    68.9   107.6   127.5   311.7   426.7   552.7   792.4   998.5  1140.6  1296.6  1613.8  9075.8 31269.0  32857.7    32790
read      515.9   824.7    68.9   108.5   127.7   314.9   415.1   507.7   633.1  1027.2  1319.8  1559.0  2023.1 10352.9 31184.0  44106.7    44044
read      490.5   724.1    63.8   106.9   126.1   312.6   448.1   618.8   819.9   947.7  1066.4  1211.5  1670.2  7354.7 30969.4  28179.0    28149
read      510.3   794.5    68.9   107.4   126.2   313.2   419.7   531.8   741.6  1045.9  1241.1  1454.2  1959.4  8940.9 31601.6  39644.0    39739
read      437.1   672.2    68.9   114.4   137.9   330.0   408.5   460.9   506.2   571.6   668.7  1071.2  2502.4  8274.2 30756.6  72028.3    72475
read      386.2   471.1    68.9   119.9   146.0   329.1   400.2   444.3   480.4   532.6   609.8   736.1  1861.9  4745.8 12829.0  93918.7    93882
read      499.7  1868.4    74.4   124.8   161.0   282.6   351.1   394.3   425.7   459.8   501.0   583.8  4846.0 31282.3 37221.8   6780.3     6692
read      493.7   697.2    68.9   110.8   130.0   305.1   400.8   484.6   585.8   937.7  1339.3  1619.6  2033.9  7904.0 30696.4  50348.0    50406
read      465.7   736.9    68.9   123.6   153.0   353.9   428.1   478.9   528.2   601.5   718.0  1171.1  2616.2  7769.1 31399.9  82888.3    83055
read      402.9   442.4    68.9   112.6   133.7   322.9   410.8   462.9   504.1   561.6   640.3   886.9  2023.4  4181.3  8065.0  55738.0    55609
read      505.2   966.7    68.9   113.1   136.6   337.7   489.5   621.8   702.1   783.2   875.3  1031.1  3457.3  9549.0 32173.9  16846.7    16968
read      534.3   729.5    68.9   111.4   132.1   326.6   433.3   528.7   657.4  1080.2  1396.5  1665.8  2334.5  8312.2 28501.3  42979.0    43031
read      525.2  1172.5    68.9   110.8   133.9   332.1   494.1   625.3   700.4   773.8   859.7   991.8  4677.0 20313.9 32359.8  17199.7    17236
read      521.3   642.6    68.9   125.4   161.2   374.5   446.9   506.8   585.0   712.2   992.2  1675.9  2531.1  4781.3 23303.1  82344.0    82183
read      484.2   665.4    68.9   107.4   126.1   311.9   409.4   499.5   610.6   946.3  1224.0  1465.7  1868.1  7254.6 30689.7  42048.3    42212
read      463.6  1081.7    68.9   111.8   136.1   319.4   454.5   535.9   581.3   628.2   686.1   788.7  3288.7 18592.4 32310.9  12274.0    12244
read      419.1   485.1    68.9   112.1   133.8   315.9   401.2   453.1   496.4   556.8   655.3  1202.3  2311.2  4653.3  9941.3  61542.7    61777
read      503.2   697.7    68.9   108.1   127.4   315.7   428.4   552.2   757.8  1016.5  1198.7  1404.0  1874.3  8090.5 30082.6  37006.3    36984
read      502.6   806.6    68.9   108.2   128.5   314.4   453.3   630.5   830.8   963.7  1077.8  1223.4  1842.1  9085.7 31647.3  29118.7    29093
read      542.8  1037.0    68.9   107.7   127.4   316.1   421.1   534.6   744.9  1076.2  1297.5  1532.1  2137.8 12876.3 36142.0  41565.0    41715
read      497.6   681.1    68.9   107.5   127.5   317.0   432.5   564.8   798.6  1023.5  1184.0  1374.9  1750.4  6836.3 31526.3  34951.3    34838
read      397.2   439.1    68.9   111.5   132.4   314.1   396.2   444.5   485.3   540.8   621.8   856.4  2223.6  4885.1  8136.9  63419.0    63574
read      451.7   617.8    68.9   106.7   126.1   309.9   439.4   554.5   699.6   841.2   954.8  1086.0  1457.0  7551.8 30619.4  24417.7    24401
read      522.5   931.1    68.9   107.3   127.4   315.9   439.6   590.5   838.3  1006.3  1137.4  1308.6  2454.7 10713.1 36254.6  31968.7    32025
read      524.0   574.2    68.9   147.8   200.4   414.2   468.7   508.9   580.5   728.2   878.0  1517.4  2103.6  6684.1 15514.0  98823.7    98971
read      474.3   779.9    68.9   107.6   127.3   313.4   450.2   583.5   725.7   845.4   952.0  1089.4  2012.9  8849.4 31508.7  23692.0    23657
read      402.1   508.3    68.9   111.5   133.2   314.5   393.2   443.2   484.2   541.2   624.6   856.4  2288.0  4106.0 13623.0  68222.3    67877
read      412.8   574.7    68.9   109.2   129.0   313.1   400.3   451.3   495.5   556.2   651.1  1152.7  2005.3  6555.8 25259.9  53896.3    53849
read      449.7   587.7    68.9   118.3   144.6   342.8   418.6   470.8   522.9   598.0   710.0  1376.1  2424.7  6468.7 18236.4  79333.0    79536
read      484.2  1057.3    68.9   109.5   131.3   315.4   448.2   560.4   645.7   721.8   808.1   932.3  3608.6 12238.4 32269.3  17054.0    17081
read      522.7   803.6    68.9   108.8   128.1   315.4   422.4   541.1   764.6  1066.5  1255.5  1472.1  2182.1  8922.2 31483.7  39247.7    39024
read      471.9   636.5    68.9   107.2   126.9   311.3   459.9   651.7   796.0   904.4  1007.2  1139.8  1536.5  5237.0 31277.6  25755.7    26125
read      493.6   730.1    68.9   107.4   126.7   311.4   426.9   553.9   811.7  1007.0  1146.0  1308.9  1718.6  7287.5 31801.2  33336.7    33388
read      489.1   875.3    68.9   107.0   128.2   312.4   471.7   646.2   744.6   831.7   919.6  1042.9  2854.7  8515.9 31883.8  21054.7    20979
read      464.7   568.0    68.9   130.6   166.7   377.3   444.8   489.8   534.3   615.0   743.5   989.0  2070.4  6266.6 22600.1  95626.7    95865
read      398.6   489.5    68.9   113.1   135.6   324.9   408.1   456.7   495.2   547.9   625.4   775.8  2194.1  5989.3 14948.3  74030.3    73949
read      398.3   441.9    68.9   112.2   133.7   324.4   409.2   459.5   499.5   553.5   628.8   786.5  2046.1  6487.3  9344.3  61015.0    60987
read      461.3   588.2    68.9   109.5   129.3   303.5   395.6   462.8   532.2   664.5  1144.3  1605.0  2099.1  4821.6 19362.1  54134.0    54175
read      486.7   680.7    68.9   106.0   125.6   300.2   390.7   459.1   533.6   733.5  1380.0  1724.0  2169.1  7057.5 23069.4  51575.3    51484
read      487.6   613.0    68.9   106.0   124.7   306.6   404.6   507.2   687.5  1033.0  1236.0  1452.5  1815.9  7001.8 18300.4  39756.7    39771
read      512.9   768.3    68.9   108.6   129.1   317.0   443.5   598.1   847.1  1018.6  1157.2  1337.2  1968.8  8267.3 32018.4  32965.7    32864
read      517.6   849.9    68.9   106.3   124.8   312.6   408.2   493.9   591.5  1005.9  1354.2  1632.9  2159.3  9722.3 31959.3  41931.7    42033
read      498.6   767.8    63.8   103.5   120.8   304.2   394.8   466.9   544.6   830.8  1411.7  1678.6  2128.8  7681.1 31546.2  43730.3    43808
read      496.2   595.5    68.9   108.2   127.9   308.9   408.4   502.0   632.0  1027.5  1321.9  1584.4  1990.0  6399.0 15920.2  46237.7    45785
read      499.7   707.4    68.9   108.1   127.9   315.7   429.3   559.5   794.1  1020.9  1180.7  1362.4  1809.7  6967.0 31204.3  35567.0    35582
read      501.1   765.5    63.8   107.2   126.0   309.0   413.0   530.1   768.3  1038.6  1212.9  1412.8  1842.8  8539.7 31412.0  38722.0    38504
read      523.5  1302.2    68.9   111.1   134.7   324.3   480.6   595.2   655.4   715.4   788.5   915.9  4358.5 25237.4 34298.1  15304.0    15320
read      519.0   734.2    68.9   120.7   151.2   362.4   440.1   506.7   580.4   687.6  1006.9  1659.9  2623.1  8660.8 26764.2  74178.7    74264
read      518.2   857.4    68.9   107.3   127.2   319.7   417.2   497.1   578.7   833.2  1339.2  1631.2  2296.0  9717.8 31601.1  43986.0    43890
read      418.2  1438.2    74.4   125.9   158.0   268.2   327.3   362.7   388.8   419.8   460.5   543.4  3725.7 30291.9 52000.2   6039.7     5962
read      506.1   737.3    68.9   108.3   128.6   316.4   427.0   541.3   735.3  1030.9  1222.4  1427.9  1991.1  6820.8 30965.7  38230.0    38365
read      482.9   693.6    68.9   109.2   130.8   310.8   400.3   464.9   526.2   625.4  1065.2  1829.2  2475.2  6587.7 30899.6  56041.0    55971
read      474.0   665.2    68.9   107.8   129.2   314.8   463.5   645.5   772.7   878.3   970.3  1093.6  1521.0  8045.4 29475.5  23355.7    23217
read      403.4   473.0    68.9   116.7   142.3   327.0   402.6   452.4   493.6   548.7   635.2   802.7  2246.2  4166.0 15191.5  87901.7    87681
read      376.9   435.5    68.9   117.5   142.0   319.6   393.5   438.5   475.5   526.3   597.1   715.5  1873.7  4105.3 11563.2  91562.7    91728
read      378.8   438.1    68.9   119.1   144.3   321.2   393.6   437.2   473.4   525.2   597.2   718.0  1812.4  4191.2 11072.5  96698.3    96668
read      372.9   421.6    68.9   112.0   133.2   307.5   382.0   429.7   468.0   519.6   590.4   719.8  2276.5  3782.4 11602.2  80742.0    80475
read      448.3   404.5    68.9   111.7   132.8   310.8   440.6   572.7   750.1   900.5  1015.7  1149.0  1385.9  3134.9 11478.1  27239.7    27150
read      476.9   895.4    63.8   102.4   119.1   280.5   367.1   431.3   491.3   598.6  1375.9  1723.5  2250.2 11535.0 31977.4  53599.3    53444
read      465.7   669.5    68.9   106.3   124.7   306.3   453.3   625.0   764.5   873.2   979.6  1121.1  1747.3  6597.0 36743.5  23741.0    23737
read      488.4   596.5    68.9   126.2   161.5   370.9   444.9   499.9   558.3   652.1   796.7  1469.9  2624.1  6371.9 16250.7  87530.0    87776
read      418.3   699.2    68.9   115.6   141.0   331.7   406.9   455.8   495.9   549.6   634.0   781.5  2649.7  8141.7 30164.1  81976.7    82175
read      391.3   539.1    68.9   122.5   150.0   334.3   404.4   448.6   485.4   537.4   611.1   731.8  1429.1  5908.1 23464.9  98245.0    98548
read      483.8   805.3    68.9   107.0   127.0   314.4   411.2   495.8   583.6   867.6  1142.7  1377.7  1887.9 10677.1 31370.9  37552.7    37704
read      422.1   593.8    68.9   111.1   132.3   313.6   397.7   450.9   496.4   559.8   654.6  1129.9  2288.9  7174.4 19191.9  64784.7    64701
read      400.9   594.8    68.9   110.9   132.1   315.9   396.5   445.8   486.4   541.1   618.7   791.9  2263.6  5886.2 28785.3  69229.3    69089
read      389.0   474.5    68.9   116.2   141.1   324.9   397.4   443.3   480.8   533.8   609.6   739.8  2054.8  5731.7 12961.9  89553.7    89785
read      489.3  1100.9    68.9   109.4   133.6   313.7   460.6   591.1   659.4   722.6   795.5   918.2  4212.8 10956.9 32425.4  16614.3    16676
read      504.9   667.2    68.9   117.1   144.9   351.1   432.2   497.7   564.1   660.9   990.4  1683.0  2645.3  6682.3 26192.0  69397.7    69604
read      400.6   596.6    68.9   122.8   152.2   336.2   404.7   448.1   484.7   538.1   618.7   741.4  1961.8  7521.0 30295.9  99830.3    99682
read      389.7   480.7    68.9   120.3   148.0   328.9   398.1   441.2   477.7   531.2   611.2   733.4  1955.2  5030.8 14816.7  98150.3    97693
read      526.3  1329.3    74.4   108.3   130.9   317.4   472.8   603.4   682.3   756.5   850.0   990.7  4815.0 14908.8 56860.7  17473.3    17381
read      993.1  2299.6    68.9   118.9   150.0   439.5   686.6   967.7  1218.3  1479.0  1913.9  3588.8  7759.5 32228.6 38182.3  40091.0    40069
read      733.9  2049.6    74.4   140.2   181.4   377.2   539.8   651.6   740.3   859.1  1052.7  1591.7  8060.8 31803.5 37354.7   8852.0     8841
read     1156.8  2021.8    68.9   194.0   302.2   883.8  1030.7  1119.3  1207.8  1474.0  2176.6  3205.1  5937.7 31937.4 37860.0  56245.3    56576
read      444.0   705.6    68.9   105.8   125.9   301.1   436.0   563.6   687.0   783.3   882.4  1003.3  1485.0  8079.7 35337.1  21582.0    21599
read      482.4   665.1    68.9   107.0   127.4   299.1   391.5   461.9   532.1   687.1  1335.3  1732.5  2215.5  6735.0 19052.0  53170.0    53003
read      514.7  1143.1    68.9   106.1   127.0   312.5   474.7   642.8   723.0   799.0   886.7  1004.8  3889.6 13593.5 36283.4  19803.0    19831
read      470.3   786.5    68.9   117.0   144.2   343.9   417.1   471.0   524.7   598.2   705.5  1266.1  2971.8  8998.1 31168.4  80446.7    80340
read      500.1   918.2    68.9   107.8   128.5   317.7   437.2   548.2   711.6   901.8  1046.6  1228.0  2355.1  8737.3 34111.1  28535.0    28765
read      521.2   947.3    68.9   107.0   128.1   318.0   466.2   654.5   810.7   922.8  1029.2  1176.3  3065.4 10093.0 32261.3  25456.7    25572
read      522.1   828.4    68.9   107.5   128.3   320.1   431.9   553.5   779.4  1044.6  1223.0  1432.7  2079.7  8929.4 31696.0  37083.7    37071
read      469.5   717.0    68.9   116.3   143.3   338.9   416.9   473.8   529.8   604.0   720.1  1454.9  2765.7  9057.0 30376.1  75747.0    75819
read      492.5   728.8    68.9   106.9   126.7   311.6   411.9   500.3   597.6   869.8  1219.3  1490.2  2021.7 10038.7 30294.1  44437.0    44359
read      493.4   791.2    68.9   133.5   175.2   377.8   447.7   498.6   551.8   643.6   767.2  1367.0  2161.7  9841.4 31778.6  95630.3    95960
read      411.3   543.6    68.9   111.0   132.4   318.5   403.8   455.2   497.8   555.0   637.6   900.5  2195.9  6445.5 16931.4  59840.7    59630
read      481.4   596.4    68.9   106.4   126.1   309.0   402.3   481.4   565.3   802.9  1292.4  1585.4  2020.8  6454.2 11262.1  47868.0    47930
read      409.6   535.1    68.9   110.7   132.0   311.8   394.2   445.8   488.6   546.8   634.7   949.7  2322.7  4840.6 22427.3  65568.0    65545
read      395.2   570.5    68.9   118.7   145.4   330.0   401.2   445.4   482.4   533.5   611.2   738.1  1910.9  7101.1 27344.8  93781.0    94038
read      481.6   638.7    68.9   107.7   127.5   305.0   399.8   477.5   559.5   786.9  1298.3  1625.4  2070.8  6236.5 20317.6  51564.7    51806
read      490.3   754.3    68.9   105.5   125.0   300.9   392.1   462.8   533.5   726.4  1366.2  1694.3  2143.9  8103.2 31186.6  48864.3    48712
read      520.7  1396.6    68.9   110.1   134.0   314.9   463.6   555.2   606.3   658.8   725.5   855.8  5378.6 28116.6 37022.3  13090.3    13115
read      547.3   865.8    68.9   123.9   158.2   370.2   452.1   533.1   613.5   721.4  1107.0  1687.0  2742.0 12371.2 31244.5  76244.0    76569
read      498.3  1068.8    68.9   106.3   127.0   307.6   449.7   593.7   694.7   777.7   867.6   996.1  4056.0 11384.8 32375.1  19315.0    19372
read      489.5   660.7    68.9   110.5   132.2   301.8   392.6   462.6   529.8   664.8  1273.0  1867.6  2399.8  5977.0 18316.0  59412.3    59331
read      407.1   531.3    68.9   108.2   129.6   308.3   391.5   440.1   481.0   538.4   625.0  1033.5  2285.6  4914.9 11193.2  62430.7    62597
read      501.5   719.8    68.9   106.4   126.0   315.8   430.3   547.5   735.9  1006.7  1197.7  1401.1  1877.7  7339.3 30317.1  37763.3    37702
read      523.5   846.0    68.9   107.1   128.1   317.8   427.0   533.7   699.4  1036.7  1276.0  1512.7  2131.1  9820.3 31606.9  41882.3    41975
read      509.1   892.0    68.9   106.4   126.9   314.3   457.5   642.0   798.6   915.6  1018.9  1162.2  2716.9  9579.1 31742.7  25952.7    26100
read      493.7   645.0    68.9   122.1   154.1   362.0   434.3   495.7   559.3   649.9   807.2  1561.4  2743.9  6290.5 20306.4  82495.0    82500
read      472.0   638.3    68.9   102.7   121.1   296.9   386.9   452.5   513.7   631.7  1347.4  1725.6  2171.0  6616.5 18208.2  50630.3    50756
read      442.0   636.3    68.9   113.7   137.6   323.6   405.2   458.7   504.4   569.0   670.5  1203.0  2635.6  6625.4 22062.6  66963.0    66696
read      427.2   567.2    68.9   107.4   126.7   303.2   391.4   447.1   497.5   569.7   723.7  1484.7  2086.3  5095.4 23001.9  53404.7    53364
read      459.5  1238.0    74.4   110.2   134.6   297.6   410.8   480.7   521.5   565.3   620.5   723.1  4231.9 20502.3 36953.1  10330.7    10413
read      414.1   482.9    68.9   110.1   131.6   314.2   396.4   447.8   491.6   551.3   643.2  1071.5  2336.9  4565.5 10957.4  64745.3    64876
read      397.3   596.3    68.9   110.1   130.9   314.1   395.6   443.4   480.4   532.9   608.6   763.6  2322.0  6831.1 30285.1  69332.0    69079
read      447.7   861.6    68.9   106.1   126.5   300.2   431.5   561.8   662.3   744.0   829.3   937.6  1838.5  9568.6 32427.6  19341.0    19447
read      461.2   793.3    68.9   116.0   142.6   340.8   413.4   465.2   515.0   590.6   702.8  1219.9  2764.4  9958.6 31856.5  81209.3    81182
read      484.4   903.3    68.9   106.3   126.3   308.0   433.7   559.9   718.3   865.2   978.5  1128.8  2428.5 10471.6 32425.6  25380.3    25265
read      500.7  1511.4    68.9   111.0   138.3   298.8   405.2   471.6   512.3   554.3   609.1   732.6  5363.1 31098.6 36912.0   9720.0     9699
read      503.4   638.7    68.9   108.1   128.6   310.8   417.6   517.0   647.3   992.7  1328.7  1614.8  2115.3  5730.2 30203.4  48411.3    48659
read      474.2   760.9    68.9   115.6   141.7   344.0   422.1   478.0   533.8   610.9   734.0  1460.3  2774.0  9218.3 31214.4  75014.7    75126
read      388.7   508.2    68.9   119.8   146.8   331.3   401.3   444.7   480.9   534.2   611.3   730.9  1695.8  5992.0 21164.5  96536.0    96559
read      483.2   641.7    68.9   111.7   133.5   313.3   410.1   482.6   551.7   688.1  1187.3  1670.8  2278.8  5745.8 22694.5  55966.3    55885
read      476.8  1512.4    74.4   114.5   140.8   287.7   379.8   440.9   480.4   523.1   576.3   673.9  4878.6 30634.7 32401.0   8960.7     9039
read      466.4   626.1    68.9   114.5   139.2   333.7   421.4   479.4   536.8   616.6   778.7  1499.1  2476.0  6964.8 19006.1  66291.0    66378
read      502.8   772.1    68.9   108.5   128.6   318.7   419.2   504.2   601.0   911.7  1273.0  1534.2  2012.6  8768.1 31480.5  41215.7    41225
read      507.3   720.2    68.9   108.1   129.8   309.9   405.9   486.4   572.9   837.6  1385.3  1752.7  2309.0  5919.0 30194.0  52240.0    52371
read      522.0   808.9    68.9   106.2   126.5   317.4   429.5   549.8   755.6  1048.2  1245.1  1457.6  2130.6  8595.8 31371.6  40014.0    39873
read      507.9   754.7    68.9   107.1   127.3   313.3   416.5   508.9   641.9  1024.8  1277.9  1509.7  1985.5  8774.7 30973.6  40993.0    41176
read      496.6   737.7    68.9   124.9   159.1   363.0   436.5   497.1   558.6   647.3   792.6  1534.5  2590.1  8477.0 30610.3  85517.3    85357
read      411.4   585.7    68.9   117.2   143.5   336.2   409.8   455.3   493.7   548.6   633.2   775.1  2561.8  6674.6 16253.4  85197.3    85391
read      388.7   432.6    68.9   117.8   144.5   329.4   401.6   447.1   484.3   536.5   613.2   742.2  2072.4  4864.3 10712.2  91737.3    91890
read      392.9   601.8    68.9   108.8   128.5   311.3   392.8   439.6   478.4   533.1   608.5   798.7  1976.2  5280.8 30544.7  57749.3    57558
read      448.8  1284.0    74.4   112.1   136.5   284.7   382.7   451.7   494.1   539.1   591.1   686.9  3830.2 29445.1 36538.2   9967.0     9972
read      460.1   716.3    68.9   114.9   141.2   341.4   417.7   468.6   517.6   589.8   695.7  1413.4  2615.0  8735.5 30708.0  74515.3    74636
read      472.2   722.6    68.9   106.9   127.4   312.6   417.7   517.8   655.0   889.3  1046.9  1220.9  1756.3  7861.9 31940.4  29898.0    29773
read      410.2   525.6    68.9   110.4   131.6   310.6   393.6   444.4   488.5   549.6   640.1  1109.7  2187.2  6100.5 14492.5  63594.0    63494
read      542.6  2079.9    68.9   115.3   144.6   272.5   347.3   393.4   427.1   463.6   511.1   615.2  7053.9 31991.5 39305.0   7320.0     7201
read      505.7   596.5    68.9   108.9   129.4   314.3   422.2   529.0   676.6  1029.7  1337.5  1596.6  2048.4  5679.7 16097.2  49538.3    49507
read      416.3   576.3    68.9   112.1   134.2   320.4   403.3   455.9   498.9   557.5   641.2   891.4  2424.7  6108.0 20151.3  65602.3    65454
read      407.4   610.8    68.9   118.2   144.1   332.3   406.3   453.4   492.7   547.8   629.9   773.7  2239.2  6628.1 30670.9  88466.0    88537
read      482.1   610.0    68.9   106.0   126.5   312.1   415.6   517.6   671.2   978.1  1183.0  1382.2  1826.0  6679.4 15591.7  37086.7    36982
read      507.2   663.2    68.9   126.8   164.6   379.7   450.5   501.4   563.6   656.3   821.7  1508.4  2829.9  7696.6 24396.5  89145.7    88964
read      399.9   666.9    68.9   118.3   146.0   329.4   398.0   439.2   475.3   528.7   609.6   733.7  2121.1  8246.9 29872.8  96590.7    96479
read      453.8   557.4    68.9   102.6   119.8   299.1   387.3   449.7   505.2   593.9  1207.8  1675.9  2158.1  4360.5 14326.0  47748.3    47883
read      473.4   549.1    68.9   105.1   125.3   300.9   392.7   462.7   533.0   680.6  1329.5  1713.7  2169.6  4408.6 10983.0  50366.7    50650
read      549.2   879.4    68.9   134.4   178.1   387.6   463.7   534.3   614.8   725.9   930.4  1644.6  2638.7 12249.8 32281.1  89387.3    89242
read      473.0  1521.7    68.9   114.2   143.9   269.0   340.5   387.4   420.8   458.6   506.2   616.3  5987.5 29657.3 37845.7   7419.0     7374
read      569.5  2042.8    74.4   113.6   141.9   290.9   385.7   441.6   477.8   517.2   569.6   689.2  7773.0 31714.6 40102.7   8584.7     8507
read      516.7   870.4    68.9   104.9   125.5   304.3   396.1   470.2   549.3   783.4  1423.7  1755.2  2361.3  9361.7 31729.7  50850.0    50676
read      445.4   745.6    68.9   105.9   126.2   305.3   389.9   442.5   488.5   552.8   667.9  1705.8  2372.1  8137.8 31840.4  57030.0    57069
read      478.3   593.7    68.9   106.6   126.1   312.2   410.7   494.7   588.6   879.0  1235.0  1498.2  1949.7  5434.8 16252.5  43626.7    43520
read      505.6   845.7    68.9   103.4   123.8   299.2   384.4   445.9   507.0   607.6  1483.0  1967.2  2569.4  9669.1 30880.9  56687.7    56720
read      453.5   663.3    68.9   113.2   138.1   327.3   407.2   462.6   514.2   586.1   700.0  1469.9  2572.7  6508.7 28570.5  68206.3    68155
read      397.1   512.6    68.9   108.5   128.9   311.1   394.1   444.0   484.1   539.6   622.5   896.8  2054.7  4835.5 16247.4  60378.7    60444
read      384.2   495.7    68.9   108.6   128.4   309.1   390.2   436.5   473.9   528.2   599.9   745.9  2050.3  4777.6 15775.9  64101.7    63997
read      500.6  1246.0    68.9   108.3   130.4   308.9   452.8   580.5   654.0   724.7   800.6   936.5  4121.5 12758.8 48843.0  17242.3    17315
read      521.0   747.7    68.9   120.1   152.3   364.5   440.8   506.0   580.0   687.0   954.3  1663.7  2756.1  8365.9 31062.9  78416.0    78596
read      390.2   523.5    68.9   112.5   134.5   316.3   391.6   437.7   475.2   528.0   605.9   739.3  2349.8  5543.1 15255.9  81221.3    81548
read      392.2   549.6    68.9   119.2   146.2   329.6   399.5   443.0   479.2   532.4   611.1   733.7  1948.1  6254.2 29308.3  97232.7    97254
read      495.2   635.0    68.9   107.3   127.4   314.2   417.5   515.1   632.1   952.0  1260.5  1525.2  1995.6  6678.3 19569.2  46103.0    46135
read      465.5  1185.3    74.4   109.7   133.6   308.3   447.8   543.6   595.8   646.6   708.4   799.1  3541.8 18380.1 35120.7  13375.0    13379
read      499.5   733.7    68.9   106.5   126.6   307.3   404.0   490.8   589.5   921.8  1322.9  1593.8  2033.4  8315.8 31411.4  46936.0    46993
read      577.9   725.6    68.9   177.5   249.7   429.6   492.1   557.2   664.5   799.8   936.4  1612.4  2574.8  9690.9 31014.5  98487.3    98274
read      388.4   515.3    68.9   118.6   146.1   326.9   396.6   438.8   476.7   532.2   607.2   727.2  1858.9  6161.8 15769.6  96923.0    97056
read      497.4   758.4    68.9   105.3   124.9   308.5   405.4   490.0   584.1   948.7  1316.1  1574.8  1982.0  8059.4 31392.5  43487.3    43434
read      523.7   856.7    68.9   105.7   126.8   314.2   423.3   541.8   775.1  1054.9  1227.4  1436.0  2490.0  9773.1 35144.0  36476.0    36406
read      443.5   667.1    68.9   127.5   161.7   359.8   424.4   464.7   504.2   574.1   682.2   849.8  2156.7  8499.5 30658.6  98943.7    99121
read      417.5   829.1    68.9   113.1   136.5   323.6   397.7   443.1   482.0   537.8   619.8   765.2  2537.1 12079.1 32154.1  80734.3    80708
read      485.8   607.9    68.9   107.5   127.9   313.9   409.5   492.2   586.3   943.6  1258.6  1494.1  1985.9  6666.0 15285.6  40282.7    40517
read      515.8   815.5    68.9   107.5   128.4   317.9   433.5   553.5   783.6  1016.4  1175.0  1363.4  1997.0  9148.4 32009.1  34046.0    34168
read      526.3  1575.9    68.9   110.5   135.3   311.6   442.6   521.6   569.2   619.6   683.8   801.2  5091.3 30568.1 35430.6  11888.7    11754
read      529.8   704.4    68.9   136.4   182.9   393.6   456.9   513.5   595.4   706.9   857.9  1556.6  2793.5  8384.1 30394.2  92904.3    93304
read      396.8   644.1    68.9   108.9   129.4   311.4   391.2   438.6   476.7   529.0   601.3   766.0  2195.7  7310.9 31559.4  64691.7    64697
read      411.3   677.4    68.9   119.3   146.9   337.2   410.1   455.7   493.9   546.7   630.7   764.0  2271.0  7618.7 31445.8  92477.7    92626
read      394.7   506.8    68.9   112.0   134.0   319.5   396.6   444.1   483.3   536.5   612.5   749.5  2416.6  4901.7 16411.6  75580.7    75618
read      394.5   544.6    63.8   115.4   139.2   324.4   398.8   444.7   481.9   535.3   614.1   745.1  2288.5  6184.2 25116.2  85782.3    85805
read      486.5  1102.9    68.9   106.8   129.4   308.8   454.4   591.7   685.4   762.7   852.5   980.7  2574.8 17525.2 37462.5  18953.0    18930
read      483.6   596.6    68.9   106.8   126.2   303.2   402.4   491.6   595.1   914.6  1285.8  1582.9  2005.8  7001.5 12872.5  50288.3    50153
read      521.9  1767.5    74.4   110.6   135.1   297.5   408.9   477.7   517.8   558.6   610.9   717.6  5751.3 31892.5 37548.8  10343.7    10377
read      519.9   842.8    68.9   107.2   129.0   317.4   439.4   577.8   819.4  1006.9  1147.4  1326.2  2299.1  9267.7 31578.8  32829.0    33112
read      532.5  1011.9    68.9   107.5   128.6   318.5   449.0   612.6   824.5   974.6  1099.2  1267.6  2381.3 13536.6 32184.1  28861.7    28777
read      488.7   688.8    68.9   106.1   126.2   306.2   400.7   474.8   550.4   800.0  1357.9  1626.6  2075.3  6532.2 26587.8  45887.3    45709
read      495.6   738.5    68.9   115.6   144.1   347.0   423.2   486.4   550.1   640.2   811.2  1629.2  2769.1  9611.8 30024.4  74552.0    74458
read      414.6   659.1    68.9   112.1   134.6   320.5   400.9   449.0   489.2   545.1   626.4   801.1  2629.3  6871.6 30911.0  73481.0    73596
read      457.9   673.5    68.9   105.1   124.2   307.2   423.2   538.3   704.1   877.1   997.2  1137.8  1541.1  6341.8 32075.2  27909.3    28031
read      508.8   727.2    68.9   105.3   125.7   310.2   408.9   502.4   623.4  1021.3  1347.2  1605.2  2143.3  7198.5 31094.4  45717.0    45754
read      513.2   683.0    63.8   119.8   152.4   363.6   438.2   500.6   567.7   670.3   893.1  1665.2  2752.6  7341.2 25235.1  80173.7    80138
read      396.1   531.7    68.9   109.9   131.0   313.9   395.9   443.6   483.5   538.6   614.2   778.4  2196.1  5174.5 18586.4  64261.0    64350
read      463.0   678.8    68.9   108.4   128.2   311.6   402.2   470.5   537.9   646.5  1051.7  1548.1  2114.3  7250.4 30815.8  51698.7    51870
read      492.8   739.2    68.9   119.7   150.1   357.9   432.7   493.4   550.3   637.8   782.0  1582.5  2644.8  8482.2 30705.1  81291.3    81106
read      390.9   548.8    68.9   112.7   135.9   318.9   394.1   440.4   478.7   531.8   608.5   738.6  2489.7  6301.5 20101.7  82112.7    82064
read      470.6   624.6    68.9   105.3   125.6   307.9   424.1   545.9   732.7   917.7  1056.8  1220.0  1695.4  6161.7 29177.5  30337.7    30534
read      498.2   787.1    68.9   106.4   127.3   313.8   462.8   655.8   790.9   904.6  1011.3  1158.8  2291.7  9664.2 31438.3  25542.7    25449
read      452.6   615.5    68.9   113.1   137.3   329.4   414.2   471.0   523.6   596.4   723.5  1385.4  2635.8  6443.4 22581.4  67481.7    67525
read      489.0   815.3    68.9   106.3   127.6   313.0   444.2   592.0   772.2   906.9  1020.1  1162.4  1802.1  8397.4 31935.2  27114.7    27070
read      499.3   682.2    68.9   106.2   126.7   313.0   416.9   510.8   628.8  1009.2  1287.4  1530.2  1985.9  7708.1 30236.6  41146.7    41133
read      523.4  1071.0    68.9   103.7   123.4   308.8   426.6   560.4   814.9   983.5  1112.0  1272.6  2632.1 11218.5 35319.1  28169.3    28009
read      444.7   657.4    68.9   111.7   134.0   311.9   399.0   456.7   506.7   580.3   723.0  1546.2  2361.3  6077.7 30641.6  64282.0    64235
read      509.9  1230.5    68.9   108.5   132.5   310.6   452.2   580.8   651.8   717.0   791.6   920.7  4544.5 16828.0 35888.9  16381.0    16387
read      468.6   657.8    68.9   113.6   138.3   330.1   418.2   478.0   535.0   616.5   789.2  1544.3  2530.0  6934.2 28000.0  62469.0    62388
read      488.4   649.9    68.9   107.9   129.1   319.3   419.1   501.1   586.2   878.0  1259.4  1518.8  1934.8  6274.5 27009.3  40394.0    40199
read      465.2   788.4    74.4   106.9   130.4   317.3   478.6   618.4   689.0   752.8   829.8   943.3  2250.6  9752.1 30774.1  16950.3    16884
read      493.6   637.7    68.9   107.8   129.4   303.9   394.0   464.1   535.2   679.2  1394.6  1849.3  2366.2  5826.1 14423.8  55746.3    55763
read      512.7   862.5    68.9   106.9   127.0   314.8   418.7   529.7   694.9  1047.0  1288.3  1518.2  1948.0  8031.4 32023.6  41905.0    41925
read      508.7   807.0    68.9   107.0   126.4   310.2   416.3   528.0   706.5  1032.3  1249.2  1477.2  1921.7  8039.5 31755.0  42069.7    42341
read      553.4   641.9    68.9   148.6   206.0   409.3   473.9   542.8   645.9   779.5   943.2  1656.1  2342.5  5614.3 29657.8  93416.0    93577
read      479.3  1532.8    74.4   116.7   147.3   280.4   353.9   400.8   437.4   479.0   536.1   676.7  5062.8 30640.0 39575.8   7662.7     7657
read      538.3  1499.4    68.9   110.3   134.7   316.1   466.1   570.4   627.3   683.8   747.6   870.0  5637.6 29055.6 37843.2  14216.3    14232
read      529.8   964.0    68.9   105.4   126.5   318.5   452.1   628.0   835.7   985.8  1113.3  1280.6  2845.9 10157.9 32303.8  30043.0    30107
read      463.4   764.0    68.9   112.2   136.7   332.4   408.6   464.8   516.9   589.4   709.1  1486.8  2609.0  7966.3 31373.4  70805.0    71078
read      407.2   638.8    68.9   116.9   142.1   332.5   408.8   455.8   494.0   546.2   627.4   767.4  2323.9  6974.7 31223.5  85462.0    85372
read      407.0   612.0    68.9   109.1   129.4   316.9   402.5   452.6   494.0   549.1   629.9   926.3  1963.3  6153.6 30536.2  54592.7    54930
read      500.7  1953.3    74.4   122.8   153.1   257.1   312.6   345.3   371.2   402.1   443.9   544.7  6943.2 31827.7 37527.4   5758.3     5750
read      486.5   763.8    63.8   119.9   148.9   359.5   435.1   490.4   541.9   622.3   748.3  1470.7  2859.8  9209.1 31316.3  80110.0    80137
read      481.5   720.6    68.9   107.1   126.8   313.2   413.6   502.2   601.4   877.6  1190.4  1450.4  1863.7  7935.9 31498.4  41719.3    41449
read      574.6  1686.0    68.9   107.9   131.3   312.5   477.4   611.2   677.7   741.6   816.8   963.3  6238.2 31467.1 41822.5  17272.7    17301
read      523.0  1082.2    68.9   107.6   130.4   318.9   484.9   649.9   737.6   817.3   907.6  1042.3  4573.7 10695.8 36178.4  20015.0    19930
read      505.8   657.4    68.9   107.2   127.1   316.2   427.0   545.5   728.0  1046.9  1279.1  1491.2  1913.8  6832.2 20352.3  41889.7    41776
read      475.6  1516.2    74.4   111.6   140.0   285.7   380.5   436.4   472.4   514.7   565.1   670.3  5177.4 30341.8 36444.2   8643.0     8596
read      557.6  1090.9    68.9   108.7   130.8   326.7   469.2   662.0   877.4  1022.5  1157.5  1348.4  2754.5 12636.5 32140.3  30807.3    30870
read      524.2   686.3    68.9   117.6   147.6   356.4   442.0   521.5   598.1   716.7  1278.8  1699.3  2614.6  6652.1 27895.7  69914.3    69978
read      467.4   775.6    68.9   106.8   127.0   309.3   438.4   582.5   726.5   843.4   952.5  1092.4  1694.1  7848.9 32420.8  24049.0    23908
read      497.5  1577.8    74.4   111.4   136.1   291.9   397.5   460.9   501.0   541.5   592.5   690.2  5382.0 30847.7 41825.7   9857.3     9848
read      494.4   783.2    68.9   116.0   144.1   344.0   425.8   488.0   550.1   638.1   837.5  1634.1  2646.8  7824.7 31759.9  71563.3    71598
read      409.3   545.6    68.9   114.3   137.7   328.9   405.6   454.6   494.3   548.7   631.4   784.4  2538.5  6138.4 15648.2  76881.0    77156
read      514.2  1513.5    68.9   111.7   134.9   308.6   431.7   536.2   601.3   666.6   738.9   873.7  4153.5 30786.6 39354.3  14206.7    14083
read      491.8   861.8    68.9   126.6   161.3   368.1   441.2   494.6   544.4   625.5   743.0  1192.7  2687.1 12382.1 31886.0  87769.7    87786
read      406.8   486.5    68.9   111.6   132.5   321.5   406.7   458.0   500.5   556.5   642.3   935.4  2109.4  4149.1 10756.5  57195.0    57205
read      509.7   749.1    68.9   108.5   129.9   313.3   406.7   480.6   554.8   707.0  1378.7  1807.9  2499.5  8098.8 30604.8  53113.3    53142
read      427.0   554.8    68.9   115.8   140.7   334.3   412.6   463.7   508.3   570.9   661.1   887.1  2597.3  6482.2 14113.4  78036.7    77998
read      408.5   566.6    74.4   126.4   156.6   346.4   420.8   466.5   504.2   558.4   637.2   768.3  1627.0  7677.8 30154.2  98916.7    98830
read      523.5   909.5    68.9   108.1   128.6   322.7   453.1   601.1   812.6   995.3  1143.5  1330.6  2157.7  9872.6 37232.3  32505.0    32447
read      516.0   676.2    68.9   119.7   149.3   360.2   438.9   506.7   580.1   684.9   989.2  1692.7  2692.6  6756.5 28752.7  74428.3    74382
read      505.3   735.0    68.9   108.4   129.2   319.7   437.8   556.9   748.7   975.1  1128.0  1307.4  2279.1  8675.7 29335.3  32330.3    32271
read      483.5   576.3    68.9   106.5   127.1   300.2   395.5   472.7   554.7   771.7  1327.3  1723.2  2237.1  4564.8 10842.7  55206.7    55273
read      411.4   582.5    68.9   111.5   133.4   314.2   393.6   443.5   485.4   543.1   629.5   889.1  2359.7  6123.1 28524.0  68063.7    68152
read      468.8   747.2    68.9   106.2   127.6   310.4   432.7   550.2   703.1   840.6   962.2  1118.3  2209.3  5969.6 31866.7  25466.3    25419
read      501.2   659.4    68.9   106.8   127.0   313.6   414.7   497.0   587.9   976.3  1350.0  1611.4  2082.4  6386.2 30129.0  43120.0    43187
read      458.6   676.9    68.9   107.1   128.3   298.2   381.9   436.6   487.9   561.2   737.2  1880.7  2514.2  6007.9 29411.2  60873.7    60608
read      414.3   587.6    68.9   112.0   133.2   325.0   409.6   460.3   501.5   556.9   635.9   840.9  2325.9  6164.5 30734.0  62015.3    62150
read      513.3   804.1    68.9   107.2   127.6   322.9   451.0   594.1   822.1   991.3  1133.2  1316.0  2189.5  7856.0 35648.8  30853.3    30864
read      486.9   759.6    68.9   116.4   143.4   342.2   426.3   487.1   544.5   625.3   785.4  1548.6  2751.5 10000.7 31243.0  69424.3    69566
read      513.4   869.7    68.9   107.2   127.9   315.2   423.0   529.5   690.9   998.9  1213.0  1448.0  2181.7  8316.5 34770.4  38489.7    38183
read      502.7   776.6    68.9   105.6   126.4   305.4   400.9   477.1   556.6   766.8  1398.0  1733.5  2249.3  9612.0 30926.3  50952.0    51253
read      498.1   681.0    68.9   108.3   129.1   307.1   400.6   470.3   539.1   686.3  1394.3  1810.1  2361.9  8205.7 14742.7  52888.7    53027
read      536.7   953.1    68.9   105.7   126.2   318.3   426.6   539.0   741.0  1072.4  1272.6  1491.7  2255.6  9435.6 32440.8  36795.7    37133
read      451.1   581.8    68.9   113.5   139.3   332.7   412.3   467.5   518.4   592.4   707.6  1432.1  2677.9  5467.7 15057.2  73426.7    73413
read      401.8   648.6    68.9   111.5   133.3   317.3   391.9   436.3   474.9   531.8   610.3   749.4  2620.0  6267.9 30536.4  78923.7    78811
read      393.7   584.7    68.9   114.5   139.9   323.9   395.8   439.9   477.5   530.9   608.5   733.0  2324.1  6796.8 30441.2  88093.3    88317
read      479.7   680.9    68.9   107.3   128.4   312.8   405.0   473.2   538.6   669.6  1219.9  1597.2  2202.2  7387.7 30308.5  46520.0    46504
read      509.5   724.8    68.9   105.6   125.6   311.8   409.9   498.0   592.8   946.7  1377.7  1666.8  2162.1  8145.8 30806.0  46126.0    46147
read      504.7   690.1    68.9   107.4   128.1   318.3   434.0   560.0   778.9  1025.8  1189.7  1373.1  1921.0  7866.0 28272.4  34926.7    35073
read      480.2   850.1    68.9   106.9   129.7   315.3   481.9   634.9   714.0   785.3   872.0  1003.5  2535.9  8020.7 32238.1  18876.3    18693
read      509.9   754.7    68.9   107.2   127.4   312.3   413.5   503.9   618.9   989.4  1338.6  1627.8  2145.0  8483.2 30507.0  46746.0    46834
read      476.6   756.8    68.9   116.7   143.0   345.3   418.4   472.8   529.4   610.8   737.7  1550.6  2626.5  9572.1 31322.2  76551.0    76427
read      400.9   600.9    68.9   120.1   148.3   337.3   409.4   453.4   489.8   540.4   618.0   745.6  1835.2  7420.9 31061.7  96180.0    96007
read      416.1   685.5    68.9   115.1   140.3   331.4   406.3   454.1   493.4   547.7   628.5   771.9  2666.3  7808.5 30233.3  83721.3    83666
read      399.2   515.9    68.9   110.2   131.6   317.3   400.8   450.4   489.4   543.0   620.1   807.3  2189.2  4906.2 19461.4  64542.3    64655
read      459.4   634.5    68.9   106.7   127.1   304.4   394.8   457.3   513.4   604.9   957.9  1697.5  2271.5  5132.5 27604.3  54237.0    54099
read      580.7  2355.0    74.4   122.5   150.8   249.0   299.6   331.9   355.1   384.7   431.3   678.7  7920.2 32088.7 38455.1   5527.0     5485
read      512.6   669.0    68.9   138.0   182.0   389.1   458.7   515.7   582.9   682.7   823.6  1459.4  2732.3  7827.8 29184.4  93619.3    94089
read      422.7   545.0    68.9   108.4   128.6   311.0   396.2   447.1   493.0   556.6   664.9  1403.5  2235.6  5078.1 14285.1  56989.0    57214
read      471.7   675.5    68.9   105.6   126.3   309.1   448.4   616.6   759.4   866.0   963.1  1096.4  1876.3  8498.7 29473.8  23832.7    23788
read      504.3   684.8    68.9   117.8   147.7   353.4   433.2   500.0   567.9   667.7   899.9  1658.2  2663.2  7328.6 30355.5  75681.0    75649
read      485.9   716.2    68.9   103.2   122.8   310.0   401.1   477.9   555.1   895.0  1304.4  1525.7  1885.1  8125.1 30996.7  39589.3    39466
read      495.9   892.4    68.9   101.0   119.0   296.1   383.4   448.0   508.3   633.8  1447.7  1749.9  2195.5 10689.6 36262.5  47231.0    47463
read      505.6  1189.7    68.9   106.1   128.0   309.1   468.8   632.7   716.4   788.1   873.1   995.7  3735.8 15803.8 32439.7  19182.7    19155
read      598.5  1589.6    68.9   110.9   135.2   327.6   500.0   641.0   715.0   787.0   884.9  1079.5  7167.4 30626.4 36962.4  18482.7    18449
read      446.7   498.7    68.9   103.5   120.5   290.0   382.3   471.5   583.6   983.3  1170.9  1336.1  1622.2  3687.1  9456.5  35265.7    35235
read      488.7   635.4    68.9   134.4   174.2   384.8   470.1   525.6   573.5   648.3   788.7  1215.2  2187.5  6092.5 30788.8  93221.0    93118
read      396.7   446.2    68.9   111.9   134.3   321.8   399.5   447.4   487.1   541.8   623.2   773.8  2505.4  4385.9  9267.6  76546.3    76391
read      408.8   612.9    68.9   111.2   132.8   320.7   402.9   451.2   490.9   544.0   621.5   795.7  2432.1  7250.9 27516.3  70823.3    70733
read      411.1   629.1    68.9   111.7   134.4   320.7   398.1   446.4   487.0   543.4   624.9   798.8  2533.8  6701.8 30350.9  74126.0    74230
read      497.7   841.1    68.9   106.9   127.0   314.3   418.3   517.5   647.8   965.8  1185.7  1398.4  1918.2  9165.3 33738.4  37111.7    37188
read      497.5   834.4    68.9   101.4   119.6   298.2   384.0   444.9   505.1   619.6  1494.3  1821.9  2311.3  9219.5 31526.6  48987.0    48862
read      462.0   719.1    68.9   106.0   126.2   302.6   386.9   439.5   487.5   557.1   713.5  1871.7  2507.8  7749.0 29619.6  59255.3    59325
read      413.4   609.1    68.9   110.7   132.5   321.2   402.8   452.0   492.9   547.8   629.3   830.3  2363.6  7941.8 24984.0  66243.3    66219
read      483.4   857.1    68.9   107.5   127.6   315.4   445.1   569.1   723.0   873.7   991.8  1142.3  1704.6 11315.0 31953.0  25634.3    25760
read      471.1   720.1    68.9   115.5   142.8   345.1   419.7   475.0   529.3   609.5   730.7  1481.9  2663.5  8601.5 29915.4  75421.7    75255
read      425.4   687.1    68.9   111.3   133.7   323.9   405.2   455.0   496.9   554.3   638.9   884.2  2575.7  6943.6 31081.6  67864.7    67915
read      517.7  1026.9    68.9   107.7   129.0   319.3   463.4   620.5   752.6   862.5   971.3  1125.5  3331.2 12715.0 35991.7  23066.0    23004
read      516.3  1025.3    68.9   106.9   129.4   317.5   475.1   665.4   775.0   869.3   960.5  1094.5  3097.5 10322.3 37213.2  21910.7    21973
read      577.0   880.9    68.9   135.1   181.5   397.6   481.7   560.6   649.6   780.5  1231.6  1713.9  2661.0 11974.0 31754.1  82759.0    82811
read      509.5   813.2    68.9   106.8   127.2   319.7   425.6   524.2   647.1   947.7  1217.0  1473.7  2209.3  9034.0 31778.7  39045.0    38870
read      474.1   838.0    68.9   120.9   151.6   361.4   433.7   484.6   531.9   602.2   718.4  1058.1  2637.5 12037.2 32364.9  85923.0    85697
read      415.6   665.8    68.9   121.6   150.6   344.4   416.9   460.5   497.7   550.2   635.6   775.6  2260.1  6885.1 31283.4  94235.7    94176
read      400.6   579.0    68.9   116.4   142.7   329.7   402.4   446.8   484.6   537.7   616.2   746.0  2409.8  6353.8 30258.1  89177.0    89142
read      521.9   894.7    68.9   107.3   128.5   323.3   427.7   524.1   637.0   951.1  1226.0  1478.9  2276.2  9823.1 31529.4  39119.3    39251
read      514.6   732.7    68.9   106.7   127.6   320.9   432.8   551.7   770.6  1044.3  1231.6  1433.2  2030.2  8533.4 30153.4  36401.3    36339
read      494.2   631.6    68.9   106.3   127.3   319.6   456.2   636.2   844.4   988.1  1107.6  1256.4  1757.8  6959.0 30366.0  30208.0    30304
read      454.9   605.6    68.9   109.8   131.2   310.2   398.0   456.6   511.1   598.7   860.6  1628.0  2300.6  5107.6 18638.6  58274.3    58303
read      478.5   948.9    68.9   117.3   145.8   346.9   421.6   474.4   526.4   598.2   700.1  1045.9  2936.3 12453.3 32214.0  78983.3    78732
read      409.3   647.0    68.9   115.8   140.6   331.1   406.8   453.8   491.5   543.6   625.0   759.9  2570.4  6939.4 31132.5  81989.7    81734
read      410.4   619.1    68.9   117.3   143.9   336.3   411.0   456.9   495.1   549.1   632.3   775.8  2339.0  6592.5 30762.0  85431.3    85654
read      502.7   755.8    68.9   107.1   128.0   318.5   416.5   505.9   620.3   958.6  1233.8  1475.0  2034.7 10327.9 28447.2  39937.7    40030
read      550.9  1703.0    74.4   111.0   137.1   310.6   440.0   520.4   566.1   613.2   670.7   792.8  5667.9 30864.6 39545.5  11162.7    11145
read      560.1  1288.9    68.9   106.8   128.2   321.2   483.2   683.0   812.1   915.6  1015.8  1177.6  3940.1 16931.1 42244.8  24266.3    24220
read      507.9   738.8    68.9   106.5   126.9   317.7   430.4   556.4   768.3  1035.4  1207.8  1404.4  1912.5  8242.6 31269.6  36177.3    36178
read      444.2   571.1    68.9   113.2   138.1   329.6   409.3   462.1   509.2   580.1   686.5  1178.6  2793.3  5305.8 13791.1  69725.0    69625
read      408.1   631.6    68.9   113.7   138.1   326.3   403.8   452.3   490.8   543.2   624.8   774.4  2454.7  7245.5 30616.1  80162.0    80189
read      411.2   555.0    68.9   110.8   132.2   322.8   407.3   457.9   499.5   555.6   638.2   844.1  2360.1  5230.5 23365.6  64351.0    64261
read      416.4   659.7    68.9   114.5   138.8   329.8   408.0   455.7   494.2   549.4   631.6   788.3  2715.5  7213.9 31236.6  78275.7    78356
read      473.1   642.6    68.9   107.0   128.4   316.3   426.1   529.8   675.9   917.5  1075.9  1247.5  1698.9  7511.6 26642.1  30676.0    30570
read      442.4   738.0    68.9   111.3   133.6   321.8   406.3   459.1   504.8   571.5   673.1  1211.3  2498.2  9540.0 31449.8  63829.0    63922
read      397.2   568.5    68.9   113.9   137.8   326.9   401.7   448.7   486.5   538.3   618.3   753.0  2343.3  6393.9 29771.8  82564.3    82549
read      538.1  1980.6    68.9   114.9   144.6   276.2   351.4   401.3   435.5   474.8   532.3   700.1  6203.0 31966.1 37428.2   7552.3     7574
read      524.3   873.8    68.9   103.5   123.6   313.1   408.7   488.6   570.0   930.3  1402.4  1675.1  2424.3 10808.4 31122.1  42131.3    42298
read      526.3   890.2    68.9   107.1   128.4   318.1   425.5   532.9   702.3  1057.5  1276.8  1506.7  2205.7 11198.7 31099.8  39100.0    39152
read      559.6   636.8    68.9   142.1   191.9   403.1   483.1   558.5   648.0   781.1  1085.4  1681.1  2460.5  6717.4 19540.8  88387.3    88634
read      403.6   473.5    68.9   110.2   131.5   317.9   402.2   451.9   492.2   546.7   626.8   846.4  2240.9  5102.0 11870.8  60996.7    60765
read      558.0  1186.5    68.9   107.2   128.8   322.0   453.0   609.7   814.7   980.0  1123.3  1317.8  4078.1 13398.4 32360.5  30708.7    30534
read      517.7   754.7    68.9   107.6   129.3   321.7   441.2   586.5   819.9  1027.6  1199.2  1395.6  1967.0  8999.4 31546.9  35503.7    35563
read      479.5   674.3    68.9   134.5   174.2   385.9   455.8   505.4   550.7   627.0   753.1   990.7  2147.9  8710.3 30402.8  96713.7    96837
read      425.1   744.5    68.9   113.0   136.7   331.9   410.4   459.8   500.6   557.1   641.7   810.4  2564.9 10238.4 31330.3  74423.0    74496
read      482.0   652.0    68.9   105.2   124.9   310.4   404.1   480.7   561.0   834.8  1290.6  1545.4  1961.9  6348.6 29151.7  42879.0    42819
read      473.2   591.2    68.9   103.7   122.6   295.7   383.4   446.9   508.5   619.6  1426.3  1788.8  2199.7  4496.1 15099.8  49807.3    50120
read      542.9  1440.7    68.9   107.2   130.8   313.0   477.0   608.6   675.6   740.1   815.2   954.7  5325.7 30302.3 34063.3  16808.0    16904
read      559.5  1791.6    74.4   109.4   133.6   305.3   435.4   515.0   558.7   604.8   663.2   771.2  6768.6 31212.0 36878.5  11292.0    11439
read      501.5   885.5    68.9   105.7   126.3   312.0   467.1   668.8   795.6   897.4   990.7  1119.5  2580.3  9223.7 32328.2  24069.0    24076
read      557.2   816.5    68.9   133.1   176.6   397.1   465.7   528.2   611.2   737.8   939.4  1678.7  2802.0 11617.1 31188.8  84708.0    84757
read      424.5   697.0    68.9   113.7   137.3   331.9   408.4   456.0   495.5   552.4   639.2   810.3  2658.9  7867.9 30509.2  76365.7    76496
read      492.4   766.0    68.9   107.4   128.2   317.1   423.0   520.1   634.9   918.5  1133.3  1339.2  2068.4  8833.3 30775.8  34782.3    34744
read      537.9  2196.6    80.4   121.8   154.4   260.4   317.8   352.5   377.0   407.2   450.9   540.6  7860.1 32008.8 44604.6   5996.7     5910
read      635.5  2587.5    74.4   123.6   155.6   268.5   333.0   372.3   401.8   436.5   493.1   698.2  9702.6 36357.9 49192.2   6329.0     6391
read      624.6  1651.4    68.9   108.0   130.7   322.8   470.7   677.1   834.9   948.3  1061.4  1248.6  7057.2 30128.4 41962.2  25580.0    25594
read      574.8  1229.1    68.9   107.8   130.1   326.8   462.2   647.3   871.9  1009.2  1140.3  1331.5  4572.0 12977.1 37917.0  30274.0    30327
read      456.2   779.4    68.9   112.4   136.4   327.2   410.1   463.8   510.6   579.4   685.8  1279.2  2625.6 11239.2 30798.4  62979.7    62849
read      402.4   578.1    68.9   118.2   145.9   336.6   409.0   453.2   490.1   543.6   624.5   750.9  2243.9  6876.8 29033.9  91206.3    91392
read      475.6   634.1    68.9   104.7   124.1   310.6   400.3   465.8   529.3   653.8  1299.4  1644.3  2125.8  7745.4 15738.0  44416.0    44328
read      499.4   811.6    68.9   101.2   119.0   297.0   384.6   446.2   509.0   630.2  1513.5  1820.0  2315.1  9144.4 30588.1  47442.7    47665
read      538.2   912.2    68.9   122.3   157.4   374.2   449.5   513.3   583.2   685.3   887.8  1651.7  2828.7 12640.8 31662.6  79119.7    79152
read      557.0  1820.0    74.4   110.7   135.0   304.8   425.0   505.4   555.6   610.9   676.6   802.4  6884.6 31247.0 46051.5  11574.3    11613
read      649.6   879.0    68.9   267.2   331.9   463.0   537.8   634.3   758.3   880.5  1019.9  1655.4  2819.6 12238.5 32180.3  96178.3    96212
read      508.0   953.9    68.9   108.8   130.6   322.4   435.8   543.8   695.4   922.4  1075.2  1253.5  2280.0 11384.6 32079.2  27242.3    27129
read      529.5   847.1    68.9   132.0   171.3   383.6   455.2   510.2   577.2   679.8   839.0  1591.7  2708.1 12031.1 31294.2  86304.0    86430
read      410.3   563.7    68.9   110.7   132.6   321.5   407.1   456.2   496.5   551.7   633.3   850.8  2171.7  6711.1 25303.1  58464.3    58712
read      501.9   922.8    68.9   107.9   129.6   318.5   446.2   570.4   733.7   865.8   989.0  1153.6  2989.8  9503.7 35702.3  23933.0    23931
read      562.8  1957.2    68.9   116.1   144.6   294.6   388.8   444.6   481.3   521.7   573.4   685.0  7516.7 32342.1 41488.2   8422.7     8445
read      497.5   739.9    63.8   106.9   128.6   302.8   390.6   453.4   515.0   624.2  1420.7  1923.4  2491.8  7218.6 28351.4  55270.7    55537
read      486.0   713.7    68.9   106.6   128.1   310.6   399.6   461.8   520.4   610.5  1080.0  1868.3  2498.4  7588.4 30596.0  54683.0    54706
read      519.9   723.8    68.9   109.6   133.0   318.3   416.1   497.6   583.2   837.0  1413.6  1777.1  2383.5  8112.1 26573.7  52115.0    51997
read      516.8  1177.9    68.9   106.5   129.6   314.0   476.0   637.8   719.0   790.4   873.1   998.9  3882.7 14548.6 37666.6  18906.0    18803
read      586.3   885.3    68.9   144.8   200.9   409.6   486.4   559.4   654.1   788.1  1078.9  1698.2  2677.8 12093.6 32476.2  88460.0    88693
read      445.0   826.5    68.9   123.8   154.9   355.2   428.1   472.9   511.1   570.5   657.6   800.8  2753.9 10133.7 31825.7  91027.0    91224
read      401.3   568.9    68.9   113.3   137.2   328.3   404.5   452.4   491.6   544.8   623.8   765.6  2296.0  6346.5 25810.6  76752.7    76765
read      425.5   674.8    68.9   115.4   141.0   333.5   410.4   459.3   500.6   558.2   642.4   810.1  2741.9  7924.6 29428.5  80514.0    80364
read      499.5   706.1    68.9   108.4   130.4   310.7   403.5   475.1   546.6   702.2  1362.1  1803.2  2371.4  6262.5 23634.0  54358.3    54372
read      489.4   605.6    68.9   107.3   127.8   314.3   430.6   562.5   796.5  1002.0  1151.7  1321.3  1759.7  6662.1 21427.0  32427.3    32473
read      513.1   956.1    68.9   106.5   128.2   319.1   465.2   656.2   806.8   923.0  1035.1  1183.8  2221.3  9923.2 36639.6  25895.3    25920
read      557.7  1801.0    68.9   110.9   136.4   312.7   444.6   524.7   570.8   620.0   678.5   790.5  5854.5 31211.0 42734.6  11540.0    11574
read      500.2   809.1    68.9   145.1   192.0   400.6   467.3   517.1   566.8   649.0   774.9   979.4  2145.3  9872.6 31599.7  99344.0    99135
read      473.0   815.1    68.9   106.9   128.6   313.2   433.3   546.7   696.8   838.6   960.7  1107.1  1899.0 11497.3 31972.1  24028.3    24026
read      486.7   678.3    68.9   129.2   166.5   380.4   450.6   501.6   551.4   633.8   770.3  1178.2  2682.1  7325.1 29380.9  92025.0    92271
read      416.1   660.2    68.9   118.9   147.2   341.7   415.7   460.5   497.6   549.8   631.5   776.1  2545.4  7344.8 30650.2  88525.0    88470
read      397.3   525.9    68.9   109.0   129.1   313.7   397.3   445.1   484.7   539.1   616.5   835.7  2092.2  5258.8 18096.1  58361.0    58597
read      412.5   615.2    68.9   115.9   141.3   332.1   406.1   453.2   492.5   547.0   630.7   781.0  2537.6  6880.9 30388.9  82799.3    83103
read      540.5  1321.7    68.9   108.1   131.9   318.0   463.2   612.7   709.3   790.7   884.8  1033.2  4907.9 19059.7 37231.0  19189.0    19062
read      590.7   979.7    68.9   123.8   160.5   380.1   458.6   546.6   644.2   786.8  1496.1  1806.6  2831.9 12505.8 32932.6  72287.0    72681
read      493.0   749.2    68.9   108.6   129.7   322.7   432.1   533.6   684.7   934.5  1112.9  1304.7  2037.2  8641.9 31357.1  30992.0    30900
read      531.2   820.6    68.9   141.6   191.3   407.9   473.8   528.5   585.1   686.6   833.6  1416.3  2681.5 10613.2 31566.2  94829.0    94867
read      515.1   893.9    68.9   107.1   129.2   319.5   475.4   667.6   784.6   882.8   983.6  1132.0  3215.1  9512.4 32112.0  22459.0    22477
read      526.9   750.7    68.9   146.2   196.7   399.8   463.7   518.9   589.2   697.2   831.9  1459.6  2694.9  9648.8 30685.8  97714.7    97890
read      536.9  1715.6    68.9   110.1   134.3   301.7   424.5   505.9   553.5   601.9   662.0   776.2  6620.2 31413.0 37144.2  11789.7    11845
read      585.1   861.7    68.9   171.8   237.8   427.9   498.3   565.1   656.4   782.1   935.1  1586.6  2629.7 11508.4 31773.3  94935.7    95363
read      408.4   573.9    68.9   119.4   147.0   340.4   413.5   459.4   497.7   549.7   632.9   766.8  2055.4  6859.3 26206.2  90207.0    90122
read      410.0   603.6    68.9   115.5   140.5   333.6   407.5   454.8   493.3   546.2   629.5   769.0  2571.7  7183.8 27332.2  80891.0    81157
read      402.6   577.1    68.9   112.7   136.1   324.3   400.5   446.8   484.5   537.6   617.0   764.2  2570.5  6719.3 24190.6  78513.3    78569
read      418.9   659.6    63.8   125.2   158.3   351.5   420.9   464.1   501.3   555.2   637.3   766.1  1876.9  8761.1 30374.6  97587.7    97434
read      491.9   826.0    68.9   107.6   128.3   315.7   432.1   552.1   741.4   938.0  1074.1  1234.1  1881.5  8484.1 32069.3  29254.0    29257
read      560.5  1015.2    68.9   108.8   131.0   328.6   437.8   547.4   703.4  1086.2  1361.4  1626.4  2534.1 11041.9 36767.1  42189.0    42139
read      393.4   591.2    68.9   110.2   131.3   306.2   395.7   460.5   514.0   592.5   727.9   884.1  1253.7  8605.4 29054.7  21420.0    21444
read      329.2   269.4    68.9   111.2   131.5   293.2   363.9   406.1   440.0   481.2   540.5   665.8   898.7  2893.6  9346.2  18377.0    18314
read      368.1   361.6    68.9   109.0   128.3   307.7   384.9   433.2   472.3   526.6   601.5   803.2  1616.0  2270.7 11989.4  49050.0    49203
read      374.9   355.1    68.9   117.2   141.7   318.9   398.0   447.6   487.2   539.4   611.9   733.4  1619.9  4101.4  6673.4  87857.7    87787
read      364.4   371.0    68.9   110.8   131.6   305.1   383.3   432.0   469.8   520.7   590.3   720.6  1926.9  3264.1 10350.8  77615.7    77490
read      327.7   339.7    68.9   110.8   132.0   289.4   355.1   394.1   425.2   464.0   522.7   640.1   871.8  5340.7  8138.1  16712.0    16464
read      344.3   248.9    68.9   110.2   130.3   300.8   375.3   426.8   464.9   511.9   582.1   745.1  1061.9  2382.3  5134.8  23287.0    23314
read      372.8   387.7    63.8   116.0   140.0   316.7   393.0   440.1   479.2   532.3   604.5   726.8  1699.4  4030.9 11133.7  88863.0    88655
read      353.8   277.6    68.9   111.2   132.2   304.3   375.5   428.2   470.4   520.0   587.2   784.3  1214.0  2378.3  7845.8  28288.7    28245
read      362.4   339.5    68.9   108.0   127.5   308.6   381.4   427.9   468.3   519.1   589.5   800.4  1476.4  2190.2  9204.5  40368.3    40610
read      376.4   454.5    68.9   111.6   132.4   309.2   388.3   438.3   478.7   531.5   607.2   748.9  2066.6  3713.5 15456.6  76835.0    77039
read      352.8   268.3    63.8   109.1   129.2   305.6   376.8   425.3   465.5   515.6   581.8   776.4  1294.1  1853.5  8829.2  35191.7    35056
read      348.9   284.9    68.9   110.9   131.5   302.6   373.2   426.0   466.1   514.3   581.2   748.9  1161.9  1651.3 10519.9  26826.0    26782
read      368.4   328.4    68.9   108.9   128.6   308.4   386.2   435.2   476.5   529.5   601.9   782.8  1697.5  2410.5  7260.9  53288.3    53121
read      315.5   243.2    68.9   112.5   133.3   292.2   352.2   387.8   414.7   449.0   498.8   589.4   762.2  3276.4  9290.1  14820.7    15035
read      358.8   292.5    68.9   109.2   129.7   307.9   377.8   428.0   468.4   521.0   594.7   842.1  1316.6  2160.9  7709.4  33795.3    33766
read      361.5   415.4    68.9   118.2   143.4   311.9   385.9   430.2   466.5   514.9   581.0   687.2  1032.1  4170.9 15538.8 100114.0    99826
read      371.9   316.6    68.9   110.0   130.0   311.5   392.0   442.0   483.9   537.9   614.1   818.4  1630.5  2348.5  8028.0  49738.7    49516
read      346.0   273.6    68.9   110.9   130.4   302.0   373.6   424.1   463.6   511.1   578.6   739.5  1124.7  1971.4  7489.9  25823.0    25895
read      373.6   366.5    68.9   110.6   130.8   309.0   389.4   438.2   478.0   532.4   604.1   752.1  1897.9  3127.5 11758.3  64533.0    64849
read      368.5   334.6    68.9   114.1   135.9   310.0   390.4   440.8   479.0   529.4   598.6   724.4  1902.4  3405.8  8958.3  79351.0    79516
read      366.8   311.4    63.8   110.3   130.1   310.3   389.0   435.7   476.0   528.0   595.8   749.8  1725.2  2345.8  9878.6  54929.3    55109
read      377.6   420.8    68.9   112.2   133.5   308.8   388.5   436.2   475.1   526.9   595.6   739.6  2073.0  3213.0 13458.7  69830.7    69984
read      360.3   276.5    68.9   110.8   131.8   312.1   385.6   436.0   476.8   528.2   597.3   776.1  1311.4  2273.1  6778.4  34388.7    34454
read      368.8   320.5    63.8   110.7   130.4   305.8   387.0   435.9   475.4   528.6   599.3   749.6  1883.8  2765.5  5644.9  65078.7    64785
read      369.7   366.4    68.9   110.5   130.8   314.6   390.5   438.6   478.8   530.0   598.0   788.9  1534.6  3845.2  8994.7  43759.7    43963
read      364.0   315.4    68.9   116.4   139.9   313.2   389.3   435.5   472.9   523.4   593.1   708.9  1534.7  3802.9  6357.4  90280.3    90279
read      373.1   422.1    63.8   110.3   129.8   306.1   386.1   434.5   474.2   527.0   597.0   745.1  1923.2  2894.8 11797.9  62124.3    62151
read      366.4   301.4    63.8   108.9   128.6   309.2   385.3   434.0   475.0   528.1   600.2   801.7  1581.4  2077.4  5914.4  47179.0    46958
read      372.8   351.5    68.9   113.7   135.8   313.1   392.5   442.0   483.2   536.5   608.3   740.3  1894.9  3572.4  8547.1  82490.3    82432
read      370.4   328.7    68.9   109.7   130.0   313.3   391.0   439.5   481.1   535.4   611.1   819.0  1544.6  2066.7  8048.0  45348.3    45518
read      359.4   341.9    68.9   117.9   141.6   311.2   386.2   432.9   469.4   519.2   586.0   692.3  1096.5  3894.1  8780.9  97388.7    97055
read      361.8   369.6    68.9   111.8   133.0   306.8   379.5   431.8   474.4   528.8   606.1   832.2  1240.7  3360.4 15717.4  29173.3    28977
read      371.4   385.8    63.8   111.2   131.3   307.9   387.0   436.1   475.5   528.5   601.1   732.9  2058.4  3513.6 11099.3  72352.3    72436
read      259.8   250.0    74.4   136.4   167.7   244.9   272.0   288.2   299.6   315.1   335.9   372.7   483.0  3604.5  9859.2   5061.7     5078
read      363.3   394.6    68.9   113.1   134.6   306.1   385.4   432.5   470.6   520.9   588.8   707.5  1704.2  3792.2 10384.7  81192.3    81357
read      348.5   272.5    68.9   110.8   131.4   301.5   372.4   422.7   461.6   510.2   578.3   766.1  1183.9  2592.5  7704.0  28696.7    28531
read      370.4   399.8    68.9   116.0   139.5   314.8   392.2   440.5   478.8   529.7   600.4   720.7  1653.5  4069.5 11497.9  87216.0    87140
read      368.8   396.9    68.9   110.7   131.0   313.8   389.3   440.8   482.5   533.2   603.9   795.1  1416.2  3758.2 14164.7  36779.3    36881
read      309.8   285.7    68.9   112.9   133.8   285.6   339.8   370.8   395.1   428.0   478.3   567.1   737.6  6061.1  8605.0  12845.3    12972
read      364.3   297.3    68.9   109.3   129.5   312.3   388.4   436.9   476.3   527.7   596.4   788.5  1482.0  2027.8 10035.6  41908.0    41961
read      364.1   358.2    68.9   111.1   131.3   305.0   381.3   427.2   464.2   511.7   580.2   700.0  2093.9  3414.4  7815.4  76600.3    76602
read      355.6   312.3    68.9   116.3   139.0   306.4   381.3   426.3   462.4   509.4   577.6   687.0  1322.0  3692.6  7092.5  93166.3    93251
read      365.1   286.0    68.9   110.3   130.7   312.9   387.8   438.4   480.9   534.4   610.6   836.4  1366.4  1874.2  8887.3  35287.3    35269
read      371.3   437.0    68.9   115.8   138.2   308.9   387.1   434.3   471.7   523.9   592.8   717.7  1924.1  4206.0 12450.9  86385.3    86366
read      358.6   262.1    68.9   111.6   131.4   308.2   382.6   435.1   477.7   528.9   603.3   822.6  1236.3  3301.7  4381.5  29257.0    29241
read      368.2   317.4    68.9   110.6   129.7   308.5   388.9   436.9   476.4   528.6   598.4   751.3  1737.9  2483.6  7961.9  56861.0    57116
read      362.9   343.3    68.9   112.7   133.1   304.0   380.7   427.7   464.6   514.5   583.3   704.4  2010.6  3504.5  7892.9  81501.0    81511
read      364.0   294.1    68.9   109.7   129.3   310.5   387.5   434.4   473.3   526.3   595.0   771.8  1548.2  2158.5  7604.2  45163.3    45059
read      363.7   338.0    68.9   111.8   132.2   305.8   385.6   434.2   473.0   524.6   592.0   714.7  1888.7  3430.7  8422.9  75642.7    75774
read      376.0   352.6    68.9   110.4   130.5   309.9   392.3   442.1   483.9   537.0   609.4   772.4  1925.0  2807.6  6951.4  61814.3    61736
read      297.8   290.2    74.4   118.5   142.0   273.2   316.2   342.7   363.8   391.3   431.9   501.4   685.6  4141.4 15197.0   8905.0     8949
read      370.8   350.4    68.9   110.3   130.8   307.4   388.0   436.2   473.8   524.8   592.3   730.2  2055.2  2955.7  7753.6  66123.7    66290
read      364.7   335.8    68.9   111.7   133.4   305.8   383.8   431.7   469.4   521.1   591.6   720.4  2017.3  3521.3  6108.9  82771.7    82937
read      367.4   363.3    68.9   110.1   129.9   303.7   382.5   430.8   469.4   521.1   591.5   731.5  2053.4  3387.1 11830.0  74304.7    74263
read      348.2   274.6    68.9   110.2   130.6   300.4   372.9   423.3   462.5   510.8   584.3   775.7  1152.7  2971.4  8088.4  25859.0    25664
read      372.5   354.1    68.9   109.6   129.9   308.9   391.3   440.8   479.7   530.2   602.1   751.0  1912.2  2958.3 10039.6  64270.0    64314
read      347.6   305.8    68.9   109.9   129.2   300.3   373.6   425.8   464.8   511.1   581.1   749.3  1088.9  3595.9 11915.3  23827.7    23804
read      373.2   333.3    63.8   110.4   130.7   308.6   391.7   441.6   482.0   534.7   608.4   763.7  1967.7  2873.1  6492.3  66264.0    66356
read      367.8   300.7    68.9   108.8   128.7   311.8   391.6   440.4   481.2   533.6   603.2   777.5  1593.4  2168.2  7003.4  49545.3    49506
read      370.4   322.0    63.8   109.5   129.5   310.5   389.3   439.3   480.5   532.3   605.2   766.8  1740.5  2429.2  7842.1  54783.0    54758
read      376.5   392.4    68.9   111.1   131.7   308.4   391.6   442.6   481.8   533.3   607.0   750.9  2096.3  3609.4 10923.9  72427.7    72283
read      366.3   403.8    68.9   117.4   141.8   315.5   391.0   437.1   474.1   524.0   592.6   707.1  1219.4  3974.6 11293.0  95865.7    95641
read      346.0   255.8    68.9   110.7   131.0   298.2   372.9   426.1   464.9   511.9   586.2   776.9  1099.6  1461.9  8092.5  24108.0    24157
read      331.1   451.1    68.9   114.9   136.5   295.5   358.5   396.7   428.2   467.2   526.0   636.7   848.1  3706.7 15953.6  15084.7    15088
read      380.6   354.3    68.9   113.4   135.5   313.5   397.7   450.2   492.8   546.3   619.2   757.9  2108.1  3449.6  6981.0  73280.0    73735
read      373.4   354.5    68.9   111.7   132.0   310.3   393.0   443.8   483.6   535.3   605.0   747.7  2108.2  3157.0  8012.2  75439.0    75655
read      382.7   575.7    68.9   109.8   130.1   316.3   394.5   444.9   486.7   538.4   614.3   822.0  1550.2  6443.4 31245.7  44765.3    44689
read      370.6   293.0    68.9   110.6   131.5   315.6   391.8   443.7   486.3   540.4   619.7   852.8  1440.2  1928.5  7503.5  37839.0    37890
read      386.5   316.3    68.9   112.5   133.9   318.4   404.9   460.6   505.4   563.7   647.3   890.9  1716.2  2315.3  6183.1  50539.0    50565
read      378.8   378.4    68.9   114.5   136.8   312.4   393.4   445.1   486.1   539.3   614.2   750.6  2095.1  3950.7  8450.3  81182.3    81326
read      383.6   396.9    68.9   113.9   135.8   312.0   393.0   444.2   486.1   540.2   617.0   767.3  2191.7  3656.6 10150.7  76028.3    75641
read      371.9   361.2    63.8   120.7   146.0   319.4   396.5   444.9   483.1   533.3   602.3   721.8  1344.1  4019.7 10452.5  96757.7    97055
read      360.3   317.9    68.9   112.8   133.5   306.5   382.8   435.9   477.4   530.4   608.0   809.1  1177.3  3990.0  8085.9  26478.3    26336
read      381.4   384.1    63.8   112.6   133.3   309.5   393.2   445.3   487.6   542.5   623.3   798.8  1977.5  3254.5  8246.7  63914.0    63820
read      378.5   384.0    63.8   117.1   141.0   319.7   399.3   449.4   489.9   544.2   619.9   749.5  1789.9  3974.4 10325.4  85490.3    85404
read      325.6   295.3    68.9   109.5   129.8   291.6   359.4   400.2   432.6   470.7   529.6   647.3   885.9  2396.8 15212.3  17963.0    18025
read      365.0   297.4    68.9   109.0   128.0   309.0   384.5   433.4   474.7   528.0   602.2   834.4  1484.8  2169.7  7430.4  41896.7    42168
read      368.0   359.1    63.8   109.3   129.9   313.0   388.1   436.9   480.4   533.6   605.9   805.3  1402.5  3414.3 12300.9  37379.0    37351
read      355.8   279.8    63.8   110.3   130.6   305.1   378.0   429.4   470.9   523.6   593.2   812.1  1266.1  1616.9 10355.4  31668.0    31615
read      366.7   349.2    68.9   107.9   127.6   306.3   383.9   431.9   472.5   526.1   597.3   823.7  1586.1  2324.8 14854.9  46470.7    46356
read      344.4   261.2    68.9   110.9   130.6   297.6   371.0   421.5   460.6   509.5   583.3   773.2  1096.9  1739.5  8995.7  24719.0    24714
read      370.9   347.7    68.9   111.2   131.8   308.3   389.5   438.5   478.8   532.3   602.1   744.3  1875.6  3149.0  8950.9  67716.3    67626
read      330.4   272.4    74.4   114.3   136.3   297.6   362.3   400.9   431.7   471.2   535.8   654.0   874.9  2793.7 10318.8  15864.0    15739
read      374.6   402.0    68.9   117.0   140.4   315.8   394.0   441.6   480.8   532.9   604.7   726.1  1879.6  4050.7 14300.1  87794.3    87755
read      311.3   246.1    68.9   113.4   133.7   286.5   343.5   376.7   402.1   436.5   487.5   591.0   801.8  1983.5 11278.1  14353.7    14357
read      369.4   294.0    68.9   110.0   129.9   310.7   390.9   439.7   481.3   535.4   608.5   785.9  1643.7  2281.1  5186.4  51469.0    51514
read      368.2   344.7    68.9   110.7   130.7   302.0   382.0   429.3   467.0   518.0   590.0   734.6  2052.0  3106.1  7711.3  71721.0    72102
read      362.5   351.8    68.9   113.4   135.1   305.9   383.5   431.1   469.4   519.6   589.6   711.9  1826.2  3620.6  7795.0  84748.7    84799
read      335.3   252.4    68.9   110.8   130.5   293.0   365.4   411.1   446.1   490.1   556.5   723.0  1008.5  3013.9  7317.9  21156.7    21168
read      372.3   321.3    68.9   109.3   129.2   311.7   389.8   439.0   481.8   536.8   614.7   861.0  1577.1  2736.7  4695.8  43838.3    43828
read      304.2   237.4    68.9   112.2   132.4   280.8   334.8   365.8   389.4   420.0   465.7   553.5   768.0  3517.6  8143.3  13269.3    13381
read      363.1   323.2    68.9   110.9   130.4   303.5   382.1   428.7   465.8   515.5   584.4   719.8  1940.1  3031.7  5339.3  69835.0    70057
read      343.4   477.6    68.9   111.6   131.3   293.1   364.2   407.9   443.4   489.0   556.1   704.0  1021.5  5368.2 30384.7  19253.7    19482
read      310.3   271.7    68.9   114.5   134.2   285.7   341.7   374.5   399.6   432.6   484.7   581.3   776.4  2118.4 10177.3  13665.7    13593
read      361.3   287.9    68.9   111.3   131.6   307.9   383.7   434.5   476.6   529.0   605.7   841.8  1284.0  2193.2  7629.2  30763.3    30935
read      347.9   282.0    68.9   110.7   130.6   298.9   370.8   421.4   461.2   509.4   579.8   783.2  1167.0  2710.8  9304.8  27561.0    27564
read      367.4   394.0    68.9   115.0   137.7   307.5   383.3   429.4   467.0   517.4   588.3   706.5  2014.6  4211.5  8757.3  89079.7    89146
read      301.2   236.1    68.9   115.2   135.5   278.3   330.0   359.8   383.0   412.9   461.0   555.8   713.4  3616.1  8408.9  11952.3    12015
read      314.8   323.6    68.9   116.3   138.3   286.1   340.5   372.2   397.2   430.4   480.7   574.8   755.5  5460.1 11739.9  12439.3    12458
read      384.8   350.4    68.9   113.1   134.5   322.6   403.3   454.4   495.8   550.7   630.7   884.0  1579.0  3557.5  7946.0  43072.7    43213
read      371.1   303.6    68.9   112.0   133.3   314.9   391.9   443.7   485.5   537.9   617.2   893.3  1379.0  2011.5 10399.4  34287.3    34454
read      369.6   368.6    68.9   112.7   134.0   306.0   383.9   431.9   470.1   521.6   592.0   717.4  2121.6  3919.3  9077.5  79249.0    79142
read      366.5   331.0    68.9   108.8   128.6   309.8   386.5   433.0   473.8   527.5   599.9   808.4  1535.2  2164.7 10217.3  43490.0    43458
read      374.2   399.4    68.9   110.0   129.8   307.4   388.0   435.4   474.9   526.5   597.3   743.8  2016.1  3165.6 10635.6  65335.7    65461
read      319.4   195.4    68.9   111.0   131.4   288.7   354.8   395.4   426.1   465.4   525.1   645.9   882.7  1513.5  4375.4  18014.0    17883
read      333.4   248.8    68.9   110.9   130.6   295.0   365.7   409.9   445.1   488.4   548.6   694.3  1008.9  2503.5  7250.0  21879.3    21816
read      373.2   446.1    63.8   115.9   140.1   314.5   390.6   437.1   476.7   529.0   599.6   718.8  1799.9  4167.9 13545.0  91881.0    92112
read      365.7   361.4    68.9   114.3   137.2   311.0   388.2   436.1   474.0   524.7   593.0   716.1  1670.8  3773.2  7543.2  86513.3    86516
read      369.1   332.2    63.8   114.5   137.1   312.2   391.6   439.7   480.0   531.9   602.2   726.8  1740.1  3751.4  6617.8  85252.0    85434
read      366.1   292.9    68.9   109.1   128.7   308.5   388.5   436.3   477.8   531.0   602.6   791.9  1605.2  2111.1  7296.7  49056.0    49269
read      364.2   353.2    68.9   108.7   128.6   302.0   381.9   429.6   467.2   517.8   588.0   724.0  1883.3  2848.5 12426.3  65116.7    64819
read      606.3   885.6    68.9   115.0   142.0   372.8   511.4   633.8   804.6  1139.4  1520.7  1954.3  2670.7  4680.7 31811.8  45483.0    45466
read     1875.2  1288.9   148.8   942.3  1124.4  1823.5  2022.5  2127.2  2194.2  2295.8  2430.3  2792.2  4100.7 29306.1 34679.1  74582.3    74721
read     1815.7  2112.7   255.0   825.3   989.3  1574.4  1876.5  2006.7  2099.7  2200.0  2385.7  2903.1  4384.0 31987.2 37660.9  22804.0    22910
read     1524.4  1328.5   187.4   446.7   528.2  1467.4  1769.1  1905.1  1992.1  2096.4  2235.9  2553.4  3752.9 27997.5 36856.0  47939.0    47947
read      590.4   935.6    80.4   339.5   365.1   466.1   534.6   594.5   705.8   798.3   887.1  1003.9  1905.4 14880.3 32375.0  69496.7    69579
read      368.5   284.5    68.9   117.5   143.3   333.3   400.7   443.9   482.2   534.3   604.6   718.9  1196.4  2338.1 10125.7  61676.3    61494
read      362.5   389.6    63.8   110.6   131.4   308.7   380.5   430.6   473.9   527.2   596.2   794.8  1281.9  4081.2 11281.2  31970.7    31948
read      370.8   328.9    68.9   108.7   129.1   314.3   392.2   440.9   482.4   537.2   613.1   828.5  1516.0  2023.1 11702.9  43855.3    43538
read      374.0   389.5    68.9   110.9   131.6   308.2   389.4   438.8   479.6   532.8   605.8   749.5  1990.5  3044.5 12411.0  70184.7    70090
read      290.1   272.1    74.4   118.4   142.4   266.7   309.1   334.7   354.3   378.1   416.0   489.7   670.2  4496.8 11157.3   9050.7     9010
read      373.7   308.4    63.8   111.7   132.5   315.6   397.9   444.9   484.6   535.3   606.7   763.0  1743.7  2712.2  6978.9  53297.7    53510
read      371.3   428.4    68.9   113.7   136.2   309.2   387.1   434.3   471.8   523.4   594.8   721.3  1957.4  3759.8 11847.8  84589.7    84446
read      365.7   337.6    63.8   110.5   130.8   305.0   386.0   435.1   473.5   523.2   591.2   729.5  1887.1  2839.5  9119.9  70209.0    70319
read      364.9   307.0    68.9   109.4   128.9   308.1   388.3   435.0   474.7   525.1   593.3   741.5  1737.7  2374.4  6252.0  55827.3    55737

Total QPS = 52025.9 (93646600 / 1800.0s)

Total connections = 64
Misses = 0 (0.0%)
Skipped TXs = 0 (0.0%)

RX 23130710694 bytes :   12.3 MB/s
TX          0 bytes :    0.0 MB/s
Warning! Detected max cpu usage > 95%
CPU Usage Stats (avg/min/max): 99.98%,43.15%,100.00%

