ubuntu@client-measure-pmp6:~/memcache-perf-dynamic$ ./mcperf -s 10.156.15.226 -a 10.156.15.225 --noload -T 16 -C 4 -D 4 -Q 1000 -c 4 -t 1500 --qps_interval 5 --qps_min 5000 --qps_max 100000 --qps_seed 42
Random waveform, supplied seed
Total number of intervals = 300 (5031, 54838, 74868, 30015, 40743, 23648, 97712, 53672, 55395, 29425, 15173, 82475, 90555, 47944, 28313, 28504, 22886, 35717, 14828, 81704, 55771, 85226, 75020, 12441, 56208, 17446, 86943, 49138, 49839, 47752, 27181, 6170, 7187, 99387, 91970, 79658, 59230, 78081, 64242, 37702, 40686, 30376, 38416, 65892, 39560, 10016, 55224, 19982, 48114, 36283, 23315, 11150, 98724, 56880, 13467, 99368, 46206, 71651, 22741, 56654, 99570, 23047, 70008, 42943, 46704, 75970, 21917, 82027, 81583, 14259, 7821, 17727, 65559, 41133, 28693, 53141, 54512, 14835, 98446, 38117, 77994, 30209, 68315, 91940, 49308, 46880, 92540, 49396, 97841, 35404, 80451, 87228, 75554, 57964, 83546, 55468, 34203, 37629, 34577, 47426, 58845, 66993, 10977, 51529, 48344, 5902, 71602, 41886, 47456, 93939, 16890, 45689, 32790, 44044, 28149, 39739, 72475, 93882, 6692, 50406, 83055, 55609, 16968, 43031, 17236, 82183, 42212, 12244, 61777, 36984, 29093, 41715, 34838, 63574, 24401, 32025, 98971, 23657, 67877, 53849, 79536, 17081, 39024, 26125, 33388, 20979, 95865, 73949, 60987, 54175, 51484, 39771, 32864, 42033, 43808, 45785, 35582, 38504, 15320, 74264, 43890, 5962, 38365, 55971, 23217, 87681, 91728, 96668, 80475, 27150, 53444, 23737, 87776, 82175, 98548, 37704, 64701, 69089, 89785, 16676, 69604, 99682, 97693, 17381, 40069, 8841, 56576, 21599, 53003, 19831, 80340, 28765, 25572, 37071, 75819, 44359, 95960, 59630, 47930, 65545, 94038, 51806, 48712, 13115, 76569, 19372, 59331, 62597, 37702, 41975, 26100, 82500, 50756, 66696, 53364, 10413, 64876, 69079, 19447, 81182, 25265, 9699, 48659, 75126, 96559, 55885, 9039, 66378, 41225, 52371, 39873, 41176, 85357, 85391, 91890, 57558, 9972, 74636, 29773, 63494, 7201, 49507, 65454, 88537, 36982, 88964, 96479, 47883, 50650, 89242, 7374, 8507, 50676, 57069, 43520, 56720, 68155, 60444, 63997, 17315, 78596, 81548, 97254, 46135, 13379, 46993, 98274, 97056, 43434, 36406, 99121, 80708, 40517, 34168, 11754, 93304, 64697, 92626, 75618, 85805, 18930, 50153, 10377, 33112, 28777, 45709, 74458, 73596, 28031, 45754, 80138, 64350, 51870, 81106, 82064, 30534, 25449, 67525, 27070, 41133)
Average QPS expected = 51692
Timestamp start: 1621819053487
Timestamp end: 1621820554088

#type       avg     std     min      p5     p10     p50     p67     p75     p80     p85     p90     p95     p99    p999   p9999      QPS   target
read      385.4  1234.8    74.4   144.2   179.4   267.9   305.5   330.0   349.5   378.4   422.6   520.4  3165.7 30223.2 32474.8   4984.4     5031
read      451.6   641.1    68.9   115.4   137.7   326.1   418.7   474.2   524.6   595.0   735.9  1489.4  2218.6  5884.8 30619.2  54698.8    54838
read      411.1   621.3    68.9   114.4   136.6   327.1   406.8   454.6   492.6   545.3   624.6   771.2  2472.8  7702.8 30061.9  74715.0    74868
read      525.7   865.6    68.9   111.1   132.1   329.7   458.6   601.6   832.8  1000.1  1137.3  1304.6  2299.9  9254.7 32121.9  30022.8    30015
read      524.8   808.2    68.9   110.9   131.1   327.1   423.1   510.7   620.0  1068.7  1345.8  1587.5  2097.3  8693.9 31961.7  40739.8    40743
read      498.8   721.1    68.9   109.8   130.4   323.5   469.6   654.4   821.2   933.1  1028.1  1166.3  1978.5  8040.3 30934.7  23751.4    23648
read      480.0   661.0    68.9   140.2   181.0   398.2   463.6   505.0   548.0   626.9   757.5   940.3  2127.9  8783.1 29947.3  97804.4    97712
read      436.8   735.5    68.9   113.1   134.1   328.3   416.7   466.4   506.8   565.0   647.4   946.2  2436.4  8031.2 31647.5  53657.0    53672
read      486.4   746.3    74.4   113.4   135.3   328.2   418.6   473.9   526.8   604.9   802.9  1753.7  2613.6  8266.4 30829.3  55245.8    55395
read      487.3   735.2    68.9   113.1   133.9   320.4   433.4   537.4   696.0   943.5  1094.3  1264.2  1930.1  6963.8 32135.4  29487.0    29425
read      468.9   922.9    68.9   118.3   143.3   344.0   490.5   598.7   661.2   723.3   794.6   913.0  2238.1  8837.6 36697.7  15052.0    15173
read      441.6   690.0    68.9   122.0   148.8   348.2   425.3   472.2   513.9   576.0   670.2   870.1  2600.2  7366.7 31153.3  82385.0    82475
read      425.5   676.6    68.9   125.4   155.8   354.0   427.3   470.7   508.1   565.2   648.9   788.6  2118.2  7817.8 31255.2  90796.0    90555
read      490.4   578.7    68.9   113.4   133.6   320.3   416.7   492.9   577.6   860.0  1310.3  1628.6  2036.3  4702.0 18997.4  47869.6    47944
read      481.2   595.8    68.9   110.4   131.3   321.6   447.7   594.3   828.3   975.2  1092.8  1231.9  1503.5  5320.0 30798.9  28348.4    28313
read      512.1   810.6    68.9   108.3   128.1   317.7   457.3   645.6   841.9   965.1  1075.3  1224.0  2657.8  8949.2 31588.8  28424.8    28504
read      505.7   939.2    68.9   107.2   127.9   317.2   476.9   670.8   775.6   868.0   959.3  1088.2  2733.6 10951.4 32068.1  22875.4    22886
read      603.0  1218.4    68.9   110.0   132.0   334.3   451.5   578.1   876.6  1115.1  1289.3  1543.4  4401.0 15049.0 35629.3  35554.8    35717
read      618.7  1922.8    68.9   111.1   136.1   326.9   475.7   587.5   645.2   703.1   774.0   922.3  7057.3 31385.6 39484.3  14859.0    14828
read      450.5   653.1    68.9   117.4   144.5   344.8   416.5   465.8   512.3   584.8   694.2  1222.1  2602.7  7043.1 30264.2  81541.0    81704
read      413.1   587.9    68.9   110.8   130.8   316.5   401.9   451.7   492.6   549.3   633.7  1070.1  2144.8  6231.6 26090.0  55737.4    55771
read      414.7   668.7    68.9   116.8   141.9   331.6   403.4   448.6   486.4   541.4   626.3   770.6  2621.7  8170.9 30726.0  85116.6    85226
read      404.0   596.5    68.9   113.6   135.5   320.3   398.5   446.7   486.1   540.3   617.1   756.8  2468.6  6733.7 28604.3  74899.2    75020
read      579.2  1833.8    74.4   112.3   135.7   314.0   437.6   522.3   572.9   623.5   683.1   802.6  7764.2 31442.8 37910.1  12353.6    12441
read      445.7   582.2    68.9   110.8   131.4   313.6   400.0   454.8   502.5   576.5   726.1  1608.0  2309.3  5174.6 15172.1  56223.0    56208
read      547.0  1466.4    68.9   109.9   131.7   318.4   458.9   590.2   671.3   743.9   826.5   963.8  5189.4 30351.0 36188.7  17413.0    17446
read      465.8   711.9    68.9   124.2   154.3   361.8   430.2   475.4   524.4   604.5   722.2  1079.9  2500.2  9610.7 30725.2  86779.0    86943
read      499.2   721.2    68.9   108.7   128.2   311.7   402.1   477.5   564.2   866.4  1329.0  1637.4  2212.4  8042.9 30695.8  49054.0    49138
read      498.9   700.4    68.9   109.9   129.8   313.2   405.5   483.6   569.7   876.6  1341.3  1665.2  2159.5  6876.9 30125.2  49856.8    49839
read      505.9   752.6    68.9   106.9   126.5   313.1   404.1   477.1   554.8   834.6  1390.7  1706.2  2222.6  8160.4 30936.4  47725.8    47752
read      553.2  1232.7    68.9   107.3   127.3   314.8   446.2   618.4   825.6   955.7  1066.0  1225.6  3512.0 15929.6 32297.4  27178.2    27181
read      636.6  2472.6    74.4   122.4   157.7   269.8   334.4   372.6   400.5   434.5   483.5   736.6  9502.5 32345.1 37671.0   6153.4     6170
read      599.6  2106.3    80.4   119.0   152.5   283.8   361.8   408.2   440.9   479.6   534.3   785.1  8204.9 32109.5 37446.3   7231.2     7187
read      439.9   658.5    68.9   128.6   161.7   362.7   427.1   466.0   503.8   570.6   676.2   837.1  2050.6  8891.0 29596.9  99109.8    99387
read      397.8   527.7    68.9   121.0   147.3   334.1   406.8   452.4   489.6   541.8   621.0   741.1  2155.0  5081.7 24146.2  91993.2    91970
read      407.8   688.9    68.9   115.1   137.8   323.4   399.7   446.5   485.2   539.0   617.6   751.0  2586.5  7344.3 31501.1  79452.6    79658
read      438.0   672.3    68.9   113.7   135.4   324.7   411.6   463.8   507.4   571.6   669.0  1213.6  2390.4  7597.9 30735.9  59053.2    59230
read      409.5   662.9    68.9   114.3   136.8   323.1   401.2   449.3   488.2   541.1   616.8   756.6  2528.0  8251.7 30443.9  78171.0    78081
read      411.2   647.7    63.8   112.3   133.5   320.9   402.6   450.3   489.0   544.0   619.5   787.5  2301.8  8247.0 30925.0  64448.4    64242
read      504.0   789.4    68.9   109.1   128.8   319.7   418.2   519.6   678.1  1010.1  1204.2  1416.7  2020.0  8436.6 32147.5  37819.2    37702
read      482.5   548.7    68.9   108.2   126.6   313.2   406.9   490.1   586.2   997.0  1296.9  1538.5  1932.0  3878.6 12216.1  40776.8    40686
read      478.3   484.5    68.9   111.1   131.1   320.5   437.2   567.1   819.7   999.4  1129.0  1275.8  1578.3  3787.4 12297.6  30584.8    30376
read      613.5  1109.1    68.9   114.0   135.6   334.4   460.5   610.6   941.4  1183.3  1383.2  1717.6  3863.9  8860.7 35039.7  38399.0    38416
read      550.4  1271.4    68.9   120.0   148.4   378.4   459.1   504.9   549.9   634.4   793.3  1484.9  3920.1 28118.6 37528.4  65675.8    65892
read      544.4   764.5    68.9   115.7   137.3   345.9   454.4   560.9   725.2  1101.4  1353.1  1610.1  2140.4  8247.7 31562.4  39566.6    39560
read      708.2  2262.6    74.4   124.7   154.6   348.4   482.6   558.7   608.6   663.5   737.9  1082.6  9449.6 31996.3 37945.2   9982.4    10016
read      464.7   755.8    74.4   117.6   140.6   341.9   431.8   487.2   533.0   597.3   702.8  1378.5  2461.1  8117.2 31628.6  55048.0    55224
read      629.7  1715.6    74.4   111.3   135.1   337.7   499.6   658.5   764.3   860.0   960.1  1127.9  7306.8 31133.3 37934.5  20031.0    19982
read      511.3   706.2    68.9   106.2   125.8   316.7   409.4   476.6   547.6   731.0  1484.0  1798.7  2310.9  7332.0 19713.4  48122.4    48114
read      547.4  1045.2    68.9   107.0   127.0   325.4   431.5   543.9   770.2  1070.2  1256.9  1472.1  2591.5 12897.8 32030.7  36124.0    36283
read      521.2   972.4    68.9   107.5   128.9   320.8   478.5   686.3   808.9   909.5  1002.4  1142.0  3003.6 10454.0 35636.7  23276.6    23315
read      631.0  2085.6    68.9   112.5   138.5   322.8   452.8   530.3   576.1   624.4   686.2   858.6  8197.5 31801.1 38803.3  11143.0    11150
read      530.6   774.4    68.9   149.8   202.9   420.8   474.7   518.3   579.4   705.6   847.0  1177.3  2480.1  9462.2 31857.2  98329.6    98724
read      440.1   773.6    68.9   112.4   133.5   325.2   411.6   462.9   505.6   567.1   661.4  1133.0  2291.1  9135.2 31373.3  56816.4    56880
read      613.1  1648.6    74.4   126.8   154.5   363.5   521.0   637.8   705.3   773.6   862.3  1042.4  5966.3 31274.9 38118.7  13519.2    13467
read      540.8   682.4    68.9   169.4   230.9   456.9   523.0   566.6   610.2   707.5   860.5  1053.1  2104.7  9675.7 30636.5  99385.0    99368
read      514.8   782.8    68.9   109.6   130.4   323.5   417.6   493.4   572.2   812.4  1391.4  1706.4  2275.1  7954.1 31373.6  46148.2    46206
read      501.4   755.3    68.9   117.8   144.9   356.7   432.8   488.2   544.7   635.6   807.1  1651.2  2734.4  8514.4 30788.8  71627.2    71651
read      565.9  1363.4    68.9   109.2   131.4   325.5   470.5   617.6   758.7   873.4   982.6  1152.2  5130.1 27902.1 38811.5  22771.2    22741
read      484.0   722.8    68.9   113.3   135.8   328.0   418.9   478.5   534.0   618.6   842.7  1745.3  2475.7  7822.0 31103.9  56701.2    56654
read      429.9   538.9    74.4   136.1   171.0   371.9   445.5   490.5   529.8   586.9   674.7   818.3  1506.1  6487.9 28725.9  99700.0    99570
read      517.8   978.3    68.9   107.9   128.3   320.7   478.0   658.8   783.6   890.2   988.5  1136.5  3068.1 10038.0 35650.2  23151.8    23047
read      538.7  1006.6    68.9   121.1   150.6   365.1   441.5   504.2   570.1   665.8   850.3  1682.1  2957.5 12550.0 32297.4  70264.0    70008
read      530.1   827.4    68.9   115.2   136.8   335.9   431.6   500.5   572.7   724.7  1438.5  1804.2  2328.9  9195.2 31577.6  43005.8    42943
read      542.6   856.8    74.4   116.6   139.5   341.1   442.8   518.5   595.9   805.1  1380.1  1785.9  2482.1 10067.4 31393.6  46728.2    46704
read      446.6   662.0    68.9   117.9   142.7   342.8   422.5   472.4   518.4   585.0   683.3  1040.5  2567.3  6711.4 30618.4  75791.6    75970
read      506.7   917.5    68.9   110.3   131.9   328.2   487.4   666.7   777.8   875.4   967.0  1096.9  2290.5  8964.3 32273.3  21917.2    21917
read      450.6   515.2    68.9   121.0   148.5   354.3   427.7   474.7   520.5   592.5   712.9  1386.7  2450.1  4723.6 11869.9  82012.8    82027
read      393.0   509.3    68.9   115.8   139.5   327.2   402.9   450.5   488.0   538.8   615.3   742.6  2178.2  5099.9 16774.4  81675.8    81583
read      452.8   986.2    68.9   112.8   136.5   321.5   450.0   551.8   614.8   675.1   741.9   853.5  2697.0  8041.6 37882.4  14268.2    14259
read      518.0  1709.0    74.4   120.8   153.9   302.0   385.6   435.0   468.2   508.5   562.3   678.8  5454.3 31278.9 37021.6   7811.6     7821
read      507.9  1035.4    68.9   111.7   135.7   330.6   488.8   638.0   714.7   784.3   868.4   992.9  3658.1 11175.8 32181.6  17661.0    17727
read      403.6   490.6    68.9   112.8   134.6   321.6   404.3   453.3   492.2   545.8   624.5   807.1  2220.4  5530.4 12063.9  65562.0    65559
read      492.5   638.8    68.9   109.8   130.0   322.5   418.0   502.5   600.3   959.9  1245.0  1488.7  1945.6  6589.0 28131.0  41115.2    41133
read      529.3   894.5    68.9   111.1   131.8   327.6   469.9   662.4   866.0   990.3  1109.9  1262.7  2372.5  8937.6 32436.5  28622.0    28693
read      484.9   619.7    68.9   107.7   127.1   303.7   393.6   452.4   509.3   607.8  1409.2  1881.8  2366.3  4303.3 14696.9  53193.2    53141
read      488.8   721.5    68.9   107.2   127.0   301.5   388.9   444.3   499.4   588.2  1437.4  1922.3  2424.1  6867.0 25709.2  54573.2    54512
read      491.9  1104.2    68.9   113.8   137.3   333.0   477.1   597.7   658.7   720.1   789.9   912.2  3553.2  9866.9 42258.3  14931.6    14835
read      435.2   688.1    68.9   132.6   165.8   367.3   437.4   480.4   516.7   571.2   660.2   801.6  1798.1  9110.2 31293.3  98244.4    98446
read      494.0   721.8    68.9   110.1   129.8   321.2   419.1   504.8   605.2   971.6  1215.9  1432.6  1974.6  7496.4 30762.7  38171.6    38117
read      437.9   602.2    68.9   117.1   141.8   338.6   411.9   460.9   505.4   573.7   677.0  1169.0  2355.7  6526.3 25035.1  77835.0    77994
read      488.6   642.4    68.9   109.0   129.6   320.5   443.2   572.8   805.5   970.7  1100.9  1258.2  1629.6  6180.1 30718.8  29980.4    30209
read      455.1   674.8    68.9   115.5   139.2   339.4   420.3   471.3   518.9   587.6   690.4  1453.1  2432.2  7752.3 29754.7  68261.2    68315
read      385.7   490.7    68.9   120.3   145.9   328.3   400.3   445.2   481.9   532.0   604.9   723.5  1794.7  5033.1 15871.7  91968.2    91940
read      472.1   582.9    68.9   105.7   123.7   306.1   394.6   452.0   507.3   600.7  1356.7  1788.8  2241.6  4202.8 13652.8  49146.8    49308
read      493.6   728.2    68.9   105.2   122.4   306.7   392.8   453.4   516.0   633.9  1466.0  1775.6  2198.6  7691.1 28255.2  47002.4    46880
read      469.8   612.8    68.9   132.3   167.9   380.7   446.3   491.2   536.7   615.7   743.6   959.5  2362.1  7371.3 29500.3  92408.8    92540
read      472.1   560.1    68.9   107.4   126.2   304.5   393.8   455.1   516.3   637.8  1329.6  1701.6  2153.0  4742.3 11244.8  49288.6    49396
read      487.8   594.1    68.9   137.7   180.2   400.4   465.5   508.2   550.7   637.6   785.8  1015.2  2315.8  6363.8 26879.4  97892.2    97841
read      501.8   724.1    68.9   110.2   130.7   323.3   428.4   533.4   716.9  1006.7  1186.7  1378.9  1883.1  7834.3 30723.3  35475.0    35404
read      482.2   704.7    68.9   120.8   149.7   364.6   433.6   481.0   529.0   609.3   747.8  1457.5  2870.2  7074.8 30980.9  80372.2    80451
read      387.0   471.6    68.9   117.5   141.3   325.1   399.8   445.3   480.6   530.7   605.6   731.2  2127.8  4903.9 12399.4  87238.8    87228
read      404.5   558.0    68.9   115.8   138.0   322.0   401.1   449.9   488.9   542.0   620.2   774.9  2414.8  5804.6 24109.1  75575.8    75554
read      388.8   469.3    68.9   111.4   131.0   314.6   398.3   445.9   484.2   535.9   607.2   769.1  2006.2  3927.0 15965.9  58040.0    57964
read      388.8   493.8    68.9   116.9   140.9   324.5   398.4   445.0   481.8   531.8   605.6   727.2  2140.8  5979.5 15239.6  83710.2    83546
read      447.1   676.8    68.9   110.2   129.9   311.0   396.9   449.5   496.4   564.2   687.5  1634.9  2313.6  7720.6 30245.3  55403.6    55468
read      503.0   688.4    68.9   107.6   126.7   319.7   422.8   522.2   704.2  1051.6  1225.6  1410.6  1819.3  8997.0 30260.1  34072.8    34203
read      520.0   842.9    68.9   109.7   129.8   322.4   428.4   537.8   763.2  1049.2  1235.9  1437.2  1872.3  9635.8 31893.9  37452.6    37629
read      530.4   984.3    68.9   109.0   129.8   324.6   429.5   540.7   768.6  1043.0  1209.9  1389.0  2103.7 12450.3 35576.5  34551.6    34577
read      491.2   602.1    68.9   109.5   128.8   312.0   405.0   486.3   581.4   948.2  1326.0  1617.6  2029.8  5808.5 14556.9  47463.6    47426
read      450.3   647.7    68.9   111.4   132.8   313.3   398.6   453.4   500.7   572.3   714.7  1614.4  2361.6  6488.2 28128.1  58907.0    58845
read      399.0   544.6    68.9   112.7   133.6   316.9   398.9   446.6   485.5   539.4   614.7   785.3  2248.1  4776.3 20612.9  67142.6    66993
read      377.2   390.7    68.9   118.1   143.2   314.3   423.5   496.3   542.6   588.0   638.2   714.4   938.7  4997.5 11225.4  10969.2    10977
read      455.7   595.1    63.8   105.9   122.7   289.9   370.9   428.6   483.5   576.1  1368.9  1715.7  2118.3  3176.7 15869.0  51326.0    51529
read      454.9   535.4    68.9   104.1   120.0   289.1   369.7   426.3   479.8   573.3  1409.8  1708.4  2133.3  3343.9 13403.9  48331.6    48344
read      468.4  1737.3    80.4   129.6   165.7   275.9   332.0   366.7   393.1   423.6   464.0   552.3  5163.1 31040.5 41053.8   5848.8     5902
read      428.4   593.2    68.9   113.4   136.0   326.4   404.5   456.9   500.9   565.5   657.6  1160.4  2442.9  5000.9 25215.6  71676.8    71602
read      512.4   912.6    68.9   108.5   128.5   319.8   414.2   493.3   578.5   903.0  1266.5  1537.7  2125.0 10777.1 32118.3  41838.4    41886
read      514.1   783.9    68.9   108.4   128.0   316.3   410.7   493.0   589.0   959.5  1388.6  1675.6  2173.7  8228.6 31953.1  47379.8    47456
read      503.4   694.9    74.4   135.7   177.6   397.1   459.2   502.9   555.0   665.1   818.7  1470.8  2302.9  6920.1 30918.9  93973.6    93939
read      508.5  1296.4    74.4   109.1   132.0   313.1   451.2   583.0   665.1   735.9   810.6   935.6  4072.0 24193.9 41171.6  16899.2    16890
read      508.5   856.8    68.9   104.3   122.0   308.0   396.9   465.7   540.3   793.9  1413.9  1716.8  2200.1  9106.4 31483.3  45797.6    45689
read      521.9   886.7    68.9   106.8   126.3   320.3   427.4   534.7   746.7  1058.2  1227.1  1411.2  2090.0  9257.4 32105.5  32686.0    32790
read      528.7   937.2    68.9   106.3   126.0   317.9   410.0   485.0   565.1   959.0  1398.0  1680.3  2357.0 10841.1 32025.7  44070.6    44044
read      507.2   806.6    68.9   107.2   127.0   319.4   447.6   594.3   832.6   978.3  1098.4  1247.1  2097.6  8646.2 31985.0  28085.4    28149
read      534.3   875.9    68.9   109.0   129.8   327.3   433.0   545.0   742.4  1070.7  1289.5  1506.0  2026.7  8839.2 35444.8  39732.2    39739
read      480.5   838.6    74.4   116.5   142.2   345.2   420.0   474.9   530.5   608.9   728.3  1538.5  2623.6 12052.7 31805.3  72554.8    72475
read      399.6   624.5    68.9   120.6   147.6   333.3   402.5   447.0   484.6   537.9   616.3   734.4  2024.7  7207.1 30917.5  94024.6    93882
read      433.5  1405.5    74.4   120.7   153.1   268.3   330.0   369.5   400.2   433.2   477.1   572.1  4027.1 30584.4 34833.4   6675.2     6692
read      500.1   739.7    68.9   107.3   126.8   310.1   402.8   476.0   552.4   788.9  1383.4  1736.2  2208.7  8028.3 31508.7  50331.0    50406
read      464.5   660.8    68.9   119.9   148.0   351.4   421.9   471.7   526.1   609.5   735.7  1475.3  2391.2  6621.7 30909.6  82807.4    83055
read      475.5   763.9    68.9   110.4   130.8   314.0   402.2   464.3   523.2   618.3  1048.4  1654.7  2247.6  8571.3 31164.2  55612.8    55609
read      500.4  1138.7    68.9   109.4   132.5   323.1   479.1   614.2   683.5   747.1   824.1   943.3  3647.2  8772.3 36525.6  17059.6    16968
read      543.9   922.1    68.9   109.6   130.6   326.9   428.3   532.9   703.0  1087.4  1329.0  1558.9  2258.5  9976.9 32268.7  42999.0    43031
read      540.1  1418.1    68.9   110.2   132.7   325.2   485.1   618.6   684.6   749.4   828.2   948.0  4716.3 24869.9 40316.3  17294.6    17236
read      459.0   697.4    68.9   118.9   146.9   350.2   421.0   469.6   519.6   593.2   709.2  1375.0  2606.4  7801.3 31170.2  82071.6    82183
read      511.5   714.8    68.9   109.9   130.6   323.2   422.9   516.2   633.7  1026.6  1298.0  1531.7  2019.7  8199.6 28887.7  42104.0    42212
read      494.8  1344.9    68.9   110.8   134.4   314.9   443.0   528.9   578.0   626.2   682.6   783.1  4746.5 30209.7 36630.5  12222.8    12244
read      435.2   611.0    68.9   111.7   132.6   317.8   401.0   454.6   501.8   566.7   673.0  1422.9  2356.1  6266.7 25027.4  61655.2    61777
read      488.8   719.1    68.9   108.4   129.2   321.0   422.1   517.6   639.9   974.7  1183.4  1378.9  1796.6  7731.3 31280.9  36965.2    36984
read      506.7   833.0    68.9   107.9   128.6   321.1   453.6   614.9   824.1   962.7  1081.2  1231.3  1890.6  8078.8 32471.0  29060.6    29093
read      499.3   711.3    68.9   106.2   126.2   318.3   412.9   493.3   579.9  1008.7  1319.7  1559.0  1988.9  7720.0 30146.0  41537.4    41715
read      531.7   920.1    68.9   107.5   128.2   325.3   438.7   554.9   793.7  1041.0  1205.8  1388.3  2244.3  9419.6 31915.9  34723.6    34838
read      407.0   511.0    68.9   109.4   130.7   314.3   396.2   446.4   487.7   545.6   630.1   993.8  2198.4  5747.1 12324.8  63706.6    63574
read      484.3   754.7    68.9   107.4   127.9   315.6   457.2   624.4   771.6   883.8   979.6  1119.3  2086.2  7306.7 31770.8  24384.8    24401
read      519.3   865.5    68.9   108.3   128.6   319.6   443.6   590.6   839.2  1000.5  1141.0  1313.2  2151.1 10680.4 31073.8  32081.8    32025
read      432.1   618.2    68.9   126.8   158.5   356.5   423.4   465.9   505.1   569.2   670.9   832.9  2035.7  7975.9 29825.7  98853.6    98971
read      487.8   789.3    68.9   107.7   128.1   315.5   453.6   600.8   752.0   872.0   972.0  1112.3  2746.6  7657.0 32017.4  23677.8    23657
read      441.6   595.7    68.9   115.8   139.2   331.4   416.1   468.2   514.7   580.5   678.5  1262.4  2547.8  6060.3 19144.6  67780.0    67877
read      444.2   707.4    68.9   110.0   129.5   312.7   399.0   451.5   497.7   563.2   686.6  1571.6  2270.7  7246.9 30511.0  53782.0    53849
read      393.6   481.1    68.9   115.1   137.9   322.0   398.7   445.8   484.1   536.3   613.1   745.9  2408.0  5542.8 11355.1  79546.0    79536
read      503.3  1142.3    68.9   108.8   132.1   316.3   460.1   597.3   673.2   740.7   817.8   940.5  4254.8 10061.6 36141.7  17108.8    17081
read      506.7   676.5    68.9   108.9   129.0   322.0   427.4   533.9   700.7  1042.9  1253.4  1463.7  1916.7  7363.8 30185.0  38954.2    39024
read      511.8   868.4    68.9   108.9   128.9   317.4   463.2   655.1   816.3   928.8  1036.6  1179.2  2459.0  8949.5 31830.3  26162.0    26125
read      509.4   770.2    68.9   109.1   129.1   321.5   439.1   570.7   814.0  1008.4  1151.1  1323.9  1807.6  8468.7 31046.1  33450.0    33388
read      556.4  1260.3    68.9   109.2   131.1   325.1   488.8   663.6   758.4   846.7   938.5  1098.7  4728.5 17807.7 35505.2  21032.2    20979
read      469.7   565.4    68.9   131.3   167.2   382.1   448.0   490.9   536.8   619.7   755.2  1009.2  2272.6  5705.6 18155.9  95845.2    95865
read      397.4   604.4    68.9   112.2   133.2   317.1   396.3   444.0   482.4   534.7   610.2   747.2  2372.1  6851.4 30012.3  73657.0    73949
read      389.0   448.1    68.9   111.1   130.8   311.8   394.1   441.7   479.0   532.7   606.6   772.1  2079.9  4514.5  9368.0  61071.2    60987
read      471.9   706.4    68.9   106.3   125.4   303.8   391.4   446.5   499.2   580.2  1035.2  1829.1  2367.2  7210.2 30209.3  54122.0    54175
read      495.4   658.2    68.9   109.6   130.0   312.8   406.9   478.6   551.0   742.9  1366.4  1734.6  2218.4  6717.0 20695.3  51270.0    51484
read      506.5   756.1    68.9   108.3   128.6   320.7   420.5   511.6   627.8  1036.1  1270.2  1484.9  1972.7  8048.4 31403.5  39772.6    39771
read      506.2   743.8    68.9   108.6   129.1   322.1   437.6   556.7   793.7  1005.0  1153.8  1328.1  1860.2  7893.0 31095.5  32907.6    32864
read      515.3   699.0    68.9   110.1   130.9   326.9   431.2   531.2   656.5  1046.0  1314.2  1563.8  2034.1  8545.9 28985.6  42050.4    42033
read      492.5   669.3    68.9   106.7   125.7   313.8   405.0   482.2   563.2   928.5  1338.9  1600.3  2032.0  5445.7 25913.9  43631.4    43808
read      523.7   920.4    68.9   108.6   129.4   318.2   412.1   491.8   578.5   933.4  1357.4  1640.5  2188.2 10928.3 31950.8  45803.0    45785
read      519.3   821.9    68.9   109.7   131.2   325.1   432.9   538.7   718.8  1051.0  1237.2  1436.3  1985.0  9284.8 31844.8  35739.6    35582
read      511.0   754.0    68.9   107.9   128.0   320.2   424.4   526.4   692.5  1042.6  1249.8  1463.1  2032.1  8193.8 31381.6  38559.0    38504
read      491.0  1116.6    74.4   111.1   134.5   322.6   470.0   585.7   646.0   703.8   773.3   893.9  4084.2 12116.2 36314.2  15235.8    15320
read      433.8   656.2    68.9   115.1   138.8   332.1   408.7   458.6   502.6   565.6   657.9   932.8  2579.4  7374.9 30336.7  74294.8    74264
read      481.5   583.4    68.9   108.9   128.2   316.7   409.6   491.3   581.1   892.4  1252.1  1521.1  1972.6  5387.3 15743.6  43864.4    43890
read      598.0  2307.0    74.4   126.8   162.0   270.2   331.5   369.5   398.4   431.9   485.5   809.9  7944.8 32299.1 39942.6   6033.4     5962
read      518.4   839.8    68.9   108.1   129.0   320.0   422.8   518.9   670.8  1053.5  1260.6  1471.7  2001.8  9041.5 32319.8  38242.4    38365
read      505.0   806.8    68.9   107.4   128.7   308.9   397.1   458.7   521.8   631.5  1437.6  1910.7  2474.2  7864.1 31065.5  55961.6    55971
read      522.8   977.4    68.9   107.5   128.6   321.3   472.6   669.0   794.8   897.0   987.9  1132.3  3223.4  9888.1 31962.6  23251.4    23217
read      442.6   713.6    68.9   120.7   149.0   349.6   425.7   471.6   513.0   575.6   672.8   882.6  2437.6  7615.3 31474.9  87590.4    87681
read      399.9   539.4    68.9   119.6   146.1   331.9   404.1   451.6   490.0   542.4   621.2   746.2  2244.8  6244.6 19915.6  91528.6    91728
read      404.9   477.2    68.9   124.6   154.5   344.5   418.9   464.8   503.3   556.6   634.5   765.1  1942.5  5428.1 13498.5  96465.2    96668
read      401.5   600.7    68.9   115.6   139.1   325.7   402.4   450.5   489.2   540.1   614.8   744.1  2464.7  7262.7 30004.3  80496.2    80475
read      509.6   838.4    68.9   107.5   128.4   320.8   457.9   617.0   799.8   933.8  1052.2  1209.0  2506.0  8618.4 31502.7  27200.6    27150
read      499.4   639.9    68.9   109.0   130.3   312.3   406.4   478.0   553.4   763.0  1387.5  1761.7  2299.5  6577.0 15185.0  53402.8    53444
read      556.1  1258.9    63.8   107.2   129.1   321.0   474.5   669.9   804.9   908.7  1004.8  1155.5  4331.6 16698.0 36093.6  23802.8    23737
read      479.1   607.8    68.9   126.3   160.0   375.9   447.6   495.6   543.5   626.5   763.6  1413.2  2523.3  6473.0 25027.7  87654.6    87776
read      408.3   608.2    68.9   116.6   141.2   330.9   406.9   455.1   494.2   546.1   626.2   764.9  2444.8  6848.2 30501.2  82138.6    82175
read      392.3   487.1    68.9   122.8   151.6   335.6   407.6   452.3   489.0   540.7   617.4   737.0  1619.8  5475.5 16210.7  98592.8    98548
read      512.0   803.2    68.9   109.1   130.4   325.2   427.8   523.5   643.6  1019.8  1243.4  1461.9  2028.6  8301.0 32190.3  37762.4    37704
read      478.3   701.4    68.9   114.1   137.7   340.6   424.4   481.2   537.0   617.0   783.7  1612.9  2442.9  7158.1 29895.1  64760.8    64701
read      409.9   642.5    68.9   112.3   133.6   319.5   401.2   450.1   489.9   544.4   622.5   796.5  2366.9  7660.7 30748.0  68981.2    69089
read      404.6   593.9    68.9   120.1   146.2   333.1   408.6   456.1   495.1   547.4   625.0   752.8  2190.8  7296.0 27009.7  89693.6    89785
read      548.8  1371.2    74.4   111.3   136.0   328.2   475.7   611.3   683.0   749.7   833.7   979.3  5390.3 23773.5 37352.7  16645.0    16676
read      486.4   750.5    68.9   117.4   143.5   346.2   428.7   491.4   548.8   627.2   767.2  1604.7  2682.0  7559.1 31897.7  69603.4    69604
read      408.3   616.1    68.9   126.3   157.1   344.1   415.4   459.9   498.0   551.8   630.2   750.3  1664.2  7394.2 30809.7  99509.2    99682
read      486.3   764.9    74.4   134.0   169.2   382.3   463.7   513.9   560.8   630.7   743.5   960.0  3079.8  8012.5 31633.9  97738.0    97693
read      526.9  1211.2    68.9   110.9   134.8   333.0   482.4   617.1   698.3   770.4   857.5  1001.7  4051.3 16150.6 37183.0  17216.8    17381
read      529.9   771.8    68.9   110.7   131.8   331.0   441.8   553.1   729.4  1064.4  1299.5  1535.5  2074.4  8384.6 31366.1  39958.6    40069
read      515.9  1639.3    74.4   117.5   148.2   311.2   408.5   465.4   503.9   548.7   609.5   733.7  5455.9 30982.1 39494.8   8864.6     8841
read      490.9   695.6    68.9   112.1   134.3   320.7   412.2   475.4   537.2   633.6  1069.0  1812.5  2435.8  6801.1 30024.1  56407.8    56576
read     1022.5  2269.2    68.9   126.2   163.6   476.2   827.0  1028.9  1187.3  1448.2  2103.7  3468.5  7469.4 31972.1 38429.4  21400.2    21599
read      614.4   984.3    68.9   116.9   143.9   377.1   508.6   642.3   822.8  1149.5  1478.8  1932.1  2664.0 10124.2 32041.6  52858.4    53003
read      518.5  1076.3    68.9   109.7   133.4   323.2   483.7   648.5   735.2   812.2   902.4  1023.9  3766.5 12548.2 32172.1  19783.2    19831
read      493.5   726.7    68.9   121.5   151.2   365.8   443.7   498.9   554.6   640.8   791.3  1557.2  2631.3  8239.7 31075.5  80080.0    80340
read      521.9   851.1    68.9   110.8   132.8   332.1   462.6   598.7   805.5   973.1  1103.4  1272.0  2360.4  8654.2 32001.6  28752.4    28765
read      498.8   708.0    68.9   108.9   130.9   327.6   470.3   644.6   815.4   944.2  1044.7  1188.3  1797.4  7541.3 31242.2  25542.8    25572
read      524.5   836.1    68.9   108.7   129.7   324.0   437.7   561.4   792.0  1052.1  1229.0  1430.2  1988.1  8847.4 32108.2  37052.2    37071
read      491.0   707.0    68.9   118.7   146.1   353.9   429.5   489.7   548.5   634.7   774.0  1597.7  2780.5  7348.1 30359.7  75499.4    75819
read      509.9   633.2    68.9   110.2   131.2   327.4   433.4   531.5   650.9   992.2  1289.6  1557.2  2060.4  7214.8 15519.0  44206.6    44359
read      438.6   669.2    68.9   127.5   159.8   363.6   435.2   477.3   513.3   573.3   673.8   844.4  2053.2  9228.4 30944.4  96134.0    95960
read      409.7   615.9    68.9   111.8   132.4   318.8   402.7   451.3   492.1   546.7   625.4   838.7  2227.9  6526.5 30455.4  59522.2    59630
read      518.7   668.4    68.9   111.5   133.0   328.6   433.9   519.5   614.4   909.5  1370.1  1716.8  2277.5  7171.3 17532.6  48060.2    47930
read      474.0   697.9    68.9   114.5   138.3   342.3   426.5   483.3   537.1   617.4   762.8  1562.4  2471.5  7546.2 30874.9  65598.6    65545
read      404.8   579.1    68.9   122.8   151.2   339.1   413.2   458.9   497.6   549.8   629.3   753.7  1920.2  6921.1 28078.2  94087.6    94038
read      468.4   596.7    68.9   111.7   132.4   318.7   412.4   478.6   541.0   643.1  1065.5  1599.9  2173.6  5386.8 18436.6  51848.0    51806
read      501.9   734.6    68.9   105.7   124.4   310.1   402.1   467.6   533.6   666.1  1471.7  1811.0  2294.8  7959.0 30395.6  48875.6    48712
read      519.1  1419.3    68.9   111.9   135.1   326.2   457.9   552.3   604.9   658.5   720.9   830.1  5471.8 28592.0 42597.4  13038.6    13115
read      463.5   617.4    68.9   118.5   145.3   350.9   429.8   480.8   528.5   603.2   720.9  1471.4  2611.4  7079.7 21998.1  76502.4    76569
read      502.0   991.2    68.9   109.0   131.1   321.5   476.4   638.5   722.6   796.9   879.0  1010.7  3432.1  9388.5 32073.3  19346.4    19372
read      428.4   603.2    68.9   111.2   131.6   315.3   401.6   455.4   500.1   563.1   665.5  1322.5  2280.5  6178.1 18521.8  59296.8    59331
read      399.2   509.8    68.9   112.2   132.6   317.1   401.3   451.7   491.8   545.3   621.2   789.7  2160.0  6254.4 15438.3  62566.2    62597
read      504.4   786.2    68.9   108.2   128.2   323.9   424.2   512.7   616.0   975.6  1225.2  1454.0  1954.3  9657.7 31735.0  37724.2    37702
read      510.9   819.8    68.9   105.3   124.3   312.3   406.4   483.8   563.0   975.4  1377.6  1617.5  2152.7  9118.2 31509.8  41895.4    41975
read      507.2   721.6    68.9   110.1   131.7   329.7   469.4   642.3   823.9   951.8  1059.6  1203.3  2030.6  8103.0 30356.4  26196.8    26100
read      457.5   779.0    68.9   119.3   146.5   350.6   425.1   471.1   513.9   582.8   684.5   925.3  2843.2 10525.8 31395.3  82606.2    82500
read      479.6   652.7    68.9   109.7   130.0   313.2   405.4   476.3   545.9   695.3  1232.5  1631.1  2155.8  6375.4 29054.0  50853.8    50756
read      424.1   579.9    68.9   113.6   135.7   326.4   408.3   460.5   504.2   564.3   650.5   925.9  2441.6  5775.8 25674.6  66753.8    66696
read      433.7   517.9    68.9   111.7   131.7   321.1   410.7   466.1   514.6   585.8   718.2  1403.6  2141.9  5573.5 13831.3  53368.2    53364
read      535.8  1716.5    74.4   113.8   138.5   317.7   428.5   499.1   542.4   590.6   654.5   770.3  5682.7 31108.8 42131.5  10460.0    10413
read      400.0   493.8    68.9   112.2   132.8   316.4   398.6   448.3   489.1   544.2   622.1   815.4  2213.1  5816.4 11711.4  64796.6    64876
read      410.3   553.3    68.9   113.4   134.7   321.2   402.5   451.7   492.3   548.0   628.6   806.5  2419.7  5975.1 16162.7  69427.2    69079
read      499.1   880.9    74.4   110.1   132.1   330.2   483.9   646.1   739.8   821.9   912.1  1044.9  2728.1  9687.9 31709.9  19520.4    19447
read      475.7   722.4    68.9   120.0   149.0   357.7   431.6   484.0   537.3   613.3   733.4  1400.3  2782.6  6906.2 30768.3  81055.2    81182
read      503.5   843.2    74.4   110.4   131.4   325.0   463.9   622.9   785.8   904.4  1019.0  1161.7  1967.6  9550.8 32339.1  25227.0    25265
read      464.4  1190.3    68.9   121.9   150.8   344.9   446.9   507.3   548.1   594.0   651.6   747.2  2781.6 25692.6 37143.6   9692.4     9699
read      511.5   721.9    68.9   109.1   130.4   322.4   417.2   488.8   560.4   732.1  1427.1  1804.4  2325.3  6820.3 30371.7  48672.4    48659
read      475.8   698.7    68.9   118.8   145.6   353.5   429.2   481.3   532.9   612.1   744.2  1544.8  2624.3  8266.0 29820.4  75433.4    75126
read      411.2   502.7    68.9   128.3   158.8   354.7   428.9   473.2   511.5   565.5   643.5   773.9  1461.4  6791.1 16972.0  96608.0    96559
read      426.2   638.0    68.9   111.8   132.2   321.3   408.1   459.8   504.3   565.4   658.9  1121.4  2205.4  7107.4 30459.8  55990.0    55885
read      570.8  1847.6    74.4   115.3   141.5   323.4   430.0   495.0   537.6   584.1   643.4   795.3  5665.7 31604.1 39432.9   9041.2     9039
read      576.1   939.5    68.9   119.9   151.0   371.3   454.1   543.9   629.1   771.6  1457.7  1821.5  2903.6 11239.0 34025.5  66538.0    66378
read      501.9   673.1    68.9   107.9   127.4   322.4   417.5   496.6   575.9   879.3  1345.5  1615.8  2077.4  7330.4 26169.7  41320.4    41225
read      519.5   755.2    68.9   111.3   132.8   320.3   414.8   489.2   562.7   742.0  1411.6  1856.3  2443.5  8989.2 28831.7  52301.2    52371
read      525.7   829.2    68.9   110.0   130.5   329.7   430.3   522.6   635.2  1044.6  1315.5  1575.1  2097.6  9642.8 31663.7  40145.8    39873
read      530.9   817.6    68.9   109.7   131.1   330.4   430.3   520.0   620.1  1051.4  1355.9  1612.5  2182.4  8745.3 31475.7  41076.8    41176
read      458.5   703.8    68.9   121.3   150.6   363.1   437.3   483.1   524.8   591.9   704.5   942.6  2605.2  8903.3 31135.1  85424.8    85357
read      414.9   644.0    68.9   118.1   143.9   337.3   413.4   460.6   499.1   552.0   633.3   770.6  2622.5  7610.5 30465.1  85537.2    85391
read      397.4   488.9    68.9   121.1   148.1   339.2   411.6   456.2   493.3   544.6   622.4   747.3  1912.9  5745.8 15601.6  92205.4    91890
read      416.0   632.5    68.9   111.6   131.7   321.3   405.3   455.2   496.1   552.1   635.8   906.0  2197.0  7791.5 29055.1  57602.2    57558
read      533.2  1608.2    68.9   114.2   139.9   326.1   433.7   505.4   552.3   600.9   661.5   778.0  5533.7 30694.9 36688.4   9993.0     9972
read      517.6   805.7    68.9   120.0   148.6   368.0   443.4   501.1   566.6   670.7   882.1  1649.8  2729.4 10376.9 31077.1  74859.2    74636
read      495.9   705.8    68.9   108.6   128.9   326.7   438.8   547.7   752.3   970.7  1114.8  1282.0  1745.5  9759.3 30618.5  29730.2    29773
read      436.3   682.3    68.9   113.3   135.6   328.0   411.9   463.8   506.6   568.5   660.8  1087.7  2450.7  7459.2 30868.5  63490.6    63494
read      529.0  1844.2    74.4   121.7   153.0   304.2   383.2   431.3   464.4   502.3   555.4   670.9  5588.1 31875.3 39125.6   7216.2     7201
read      509.7   836.2    68.9   104.2   121.9   304.2   393.0   453.1   514.1   623.7  1531.7  1876.4  2407.9  9015.6 31160.0  49180.0    49507
read      462.9   678.8    68.9   115.3   138.9   341.3   424.4   476.1   523.9   590.5   696.8  1415.1  2710.9  6591.5 30011.1  65211.6    65454
read      416.2   706.3    68.9   120.1   146.7   340.9   416.6   460.7   499.0   552.4   631.9   765.0  2267.4  8252.7 31189.9  88677.0    88537
read      542.5   906.1    68.9   109.9   130.8   334.7   441.8   555.1   759.4  1063.3  1264.3  1480.6  2313.8 10913.4 32340.9  37022.0    36982
read      492.7   759.8    68.9   129.0   165.2   380.8   448.3   496.1   549.7   637.4   770.7  1368.9  2693.2  9425.6 30944.7  89139.6    88964
read      419.1   581.7    68.9   126.9   158.2   356.9   430.8   474.9   514.0   570.1   652.3   787.6  1617.3  7199.1 28558.7  96557.8    96479
read      502.1   649.4    68.9   110.1   130.2   325.0   425.3   504.5   587.7   815.8  1304.9  1695.5  2239.1  5282.8 25969.4  47854.2    47883
read      469.1   712.1    68.9   109.7   129.3   320.9   410.6   467.2   520.7   595.5   795.4  1700.1  2344.0  8694.6 28670.4  50723.2    50650
read      406.4   558.7    68.9   120.5   146.9   337.7   412.6   459.4   497.8   550.8   634.1   764.0  2224.6  6379.4 27939.0  89215.8    89242
read      516.5  1644.8    74.4   119.7   151.7   312.6   394.9   440.4   471.9   509.0   561.9   669.7  5682.2 30996.2 37518.5   7351.8     7374
read      662.4  2305.6    74.4   119.0   148.8   330.9   438.0   494.3   532.2   576.9   638.4   807.9  8142.1 35856.2 48891.9   8537.4     8507
read      518.2   721.1    68.9   110.8   131.8   322.9   419.9   497.5   580.8   818.6  1421.4  1797.8  2321.3  8524.9 24891.7  50786.8    50676
read      428.1   604.2    68.9   111.9   131.9   319.6   404.3   457.6   501.3   565.4   665.8  1292.3  2240.6  6427.5 19962.5  57133.2    57069
read      517.0   748.9    68.9   109.4   129.2   327.1   424.3   507.4   597.3   919.6  1344.0  1663.7  2202.6  8830.6 30290.8  43519.0    43520
read      468.0   686.2    68.9   112.4   133.5   323.2   413.7   470.6   524.5   600.2   768.6  1695.0  2448.5  6816.6 29518.5  56674.0    56720
read      411.7   558.6    68.9   113.2   134.6   324.2   407.0   456.8   497.9   554.6   634.3   806.0  2466.6  6128.6 22153.2  67960.0    68155
read      423.5   602.0    68.9   112.8   133.8   324.1   407.8   458.1   500.5   560.6   645.5   979.7  2357.3  6588.7 22990.3  60207.0    60444
read      406.3   526.4    68.9   113.3   134.3   325.4   409.9   459.2   498.6   552.4   631.6   800.3  2203.0  5593.2 18750.9  63869.6    63997
read      601.8  1564.5    68.9   112.1   134.5   351.7   522.9   664.7   737.3   805.5   887.5  1058.9  5780.4 29840.2 39392.4  17363.8    17315
read      492.0   710.9    68.9   121.0   150.5   370.0   441.4   492.1   545.5   636.3   782.9  1564.5  2682.1  7209.9 30390.5  78454.4    78596
read      415.5   615.3    68.9   117.2   141.5   334.9   412.0   459.6   498.4   551.4   634.6   780.3  2605.6  6293.2 29308.9  81563.6    81548
read      406.8   522.0    68.9   125.8   155.4   347.2   421.6   464.9   501.5   553.1   632.0   759.8  1751.1  6277.2 16081.3  97329.8    97254
read      536.9   871.2    68.9   109.5   130.3   328.6   424.2   504.1   591.7   897.1  1419.2  1737.8  2373.3 10259.7 31640.8  46133.4    46135
read      560.6  1543.3    74.4   112.5   135.8   354.0   504.4   598.2   652.2   708.0   773.7   885.2  5839.2 30879.5 39309.8  13284.6    13379
read      549.8   940.3    68.9   109.1   129.3   326.3   423.3   503.9   589.7   942.5  1497.5  1827.5  2419.5 11292.1 32417.4  47014.0    46993
read      533.8   636.7    74.4   154.7   208.6   428.0   489.0   534.6   595.7   726.3   876.8  1485.1  2190.6  7819.4 28613.1  98079.4    98274
read      421.2   704.0    68.9   127.3   157.2   353.7   424.5   466.5   503.0   556.8   638.4   770.6  1937.6  9232.8 31106.7  96960.2    97056
read      510.2   673.7    68.9   109.5   129.4   325.7   424.1   508.0   602.8   992.1  1362.7  1625.0  2049.3  7277.4 19924.3  43529.0    43434
read      556.7   863.8    68.9   110.2   131.4   339.0   457.2   584.0   854.1  1113.6  1294.3  1505.9  2591.2 11503.4 31457.3  36372.2    36406
read      484.3   735.1    68.9   142.0   185.0   404.9   470.4   512.5   555.7   630.2   756.8   931.1  2018.4  8749.3 31670.7  99142.8    99121
read      433.8   748.8    68.9   119.2   145.2   344.9   424.0   471.6   511.9   570.8   657.5   810.1  2548.4  8656.3 31537.2  80803.8    80708
read      524.0   668.7    68.9   111.1   131.6   338.0   449.9   559.3   718.7  1063.5  1305.0  1534.3  2013.8  6983.9 25472.8  40361.8    40517
read      558.0   876.2    68.9   110.9   132.5   345.2   480.8   646.3   902.3  1102.9  1255.4  1447.3  2316.6  9303.9 31802.4  34164.2    34168
read      578.4  1646.6    74.4   113.2   138.1   364.7   507.2   580.6   626.6   679.8   744.5   866.8  6045.5 31394.8 38038.1  11731.6    11754
read      638.5   918.2    74.4   229.8   303.6   458.6   526.7   621.3   752.2   873.8  1014.8  1646.8  2614.6 12464.2 31872.9  93050.8    93304
read      437.0   582.6    68.9   117.9   140.7   344.7   433.9   487.9   532.4   594.3   688.8   928.4  2441.9  6128.6 29520.8  64663.6    64697
read      442.2   676.2    68.9   129.0   161.0   367.6   446.5   492.7   532.1   589.1   677.0   825.9  2269.0  8846.6 31259.7  92631.4    92626
read      422.5   530.6    68.9   117.4   141.2   338.8   421.3   471.3   513.9   571.9   656.4   826.3  2633.0  5846.2 13278.9  75783.2    75618
read      423.3   667.2    68.9   120.5   147.6   346.0   424.0   470.8   509.1   563.5   643.3   784.4  2544.6  7686.1 31216.6  85764.4    85805
read      560.1  1199.8    68.9   111.9   134.8   358.6   527.9   703.6   789.9   865.8   952.2  1100.9  3945.5 20447.2 36868.1  19006.4    18930
read      542.5   705.7    68.9   112.8   134.8   335.2   441.9   538.7   654.2  1020.5  1447.0  1783.9  2381.9  8223.0 20485.5  50081.2    50153
read      510.7  1334.6    74.4   118.7   144.8   363.2   467.6   536.4   582.8   631.6   690.7   796.9  4161.2 28622.3 37200.5  10473.6    10377
read      392.6   378.8    68.9   116.2   138.2   338.9   418.8   472.4   516.4   571.4   650.3   891.6  1388.5  3583.6 14059.8  33206.6    33112
read      399.4   336.1    68.9   118.3   140.8   346.2   431.0   489.0   532.9   588.7   672.6   885.7  1342.2  4013.5 10432.3  28940.0    28777
read      387.8   394.3    68.9   114.3   134.9   332.3   411.2   463.5   504.9   558.2   635.2   827.3  1573.3  3109.7 12823.8  45730.4    45709
read      376.9   367.6    68.9   113.7   134.2   313.6   395.8   446.0   485.8   537.0   610.0   744.4  2066.8  3216.6  7880.7  74287.4    74458
read      377.7   360.8    68.9   112.8   133.3   311.2   393.0   443.3   483.3   535.6   609.2   751.1  2115.1  3270.7  7942.9  73580.4    73596
read      391.5   322.2    68.9   116.2   137.4   341.9   430.2   488.2   531.2   585.2   664.3   865.5  1261.6  3570.3 10650.3  28062.6    28031
read      380.7   303.0    68.9   113.3   133.6   330.5   410.0   460.1   500.8   553.2   630.6   818.1  1556.0  2122.3  7902.8  45839.4    45754
read      384.5   431.6    68.9   115.7   137.4   315.6   400.2   452.0   492.5   544.7   619.2   759.3  2048.1  3852.4 14991.9  80262.0    80138
read      377.9   337.5    68.9   112.9   133.2   316.6   400.4   450.9   490.6   541.4   615.9   771.1  1870.1  2842.0  7980.4  64424.8    64350
read      388.1   350.2    68.9   113.4   134.0   327.0   410.3   461.5   503.0   556.6   635.8   848.8  1730.7  2714.4  8641.5  51827.8    51870
read      380.8   419.1    63.8   115.3   137.1   316.7   398.8   449.4   489.1   541.2   614.8   740.3  2093.9  3703.1 12020.6  80971.2    81106
read      373.6   376.0    68.9   114.5   135.9   312.3   392.7   442.4   482.1   533.1   604.5   729.9  2039.9  3536.5 10799.9  81997.0    82064
read      375.8   298.2    68.9   114.0   134.4   332.1   411.9   465.3   506.4   555.3   629.0   807.2  1270.2  2101.6  8125.9  30614.4    30534
read      380.7   291.5    68.9   116.2   137.2   341.0   426.7   481.6   521.4   569.5   638.7   799.0  1170.9  2091.0 11171.5  25334.2    25449
read      392.3   380.5    68.9   114.1   135.1   321.5   408.8   461.7   503.5   559.1   639.6   825.4  1999.5  3258.7  7796.4  67643.4    67525
read      378.9   265.1    68.9   114.6   135.5   338.2   422.3   475.3   516.7   566.4   636.5   809.7  1226.0  1893.8  7987.2  27055.2    27070
read      394.4   376.5    68.9   114.7   136.1   338.4   420.2   473.2   517.7   574.4   654.8   878.8  1530.5  3397.4 10851.1  41083.4    41133

Total QPS = 51678.0 (77517000 / 1500.0s)

Total connections = 64
Misses = 0 (0.0%)
Skipped TXs = 0 (0.0%)

RX 19146698506 bytes :   12.2 MB/s
TX          0 bytes :    0.0 MB/s
Warning! Detected max cpu usage > 95%
CPU Usage Stats (avg/min/max): 99.97%,38.97%,100.00%

