// t1c1

ubuntu@client-measure-6btf:~/memcache-perf-dynamic$ ./mcperf -s 10.156.0.34 -a 10.156.0.36 --noload -T 16 -C 4 -D 4 -Q 1000 -c 4 -t 5 --scan 5000:120000:5000
#type       avg     std     min      p5     p10     p50     p67     p75     p80     p85     p90     p95     p99    p999   p9999      QPS   target       ts_start         ts_end
read      433.9   417.7    93.8   226.4   280.7   399.8   447.7   474.8   497.0   524.8   565.9   639.3   868.0  7417.0 12772.4   4899.2     5000  1619125234260  1619125239621
read      480.5   465.8    80.4   180.5   233.1   448.0   531.9   578.2   612.1   654.1   710.5   799.7  1035.3  4281.6 25815.1  10007.6    10000  1619125241128  1619125246492
read      536.3   451.9    80.4   177.0   229.7   489.1   601.6   672.5   726.4   784.1   852.1   956.8  1238.8  4258.7 17917.3  15017.0    15000  1619125247997  1619125253302
read      555.9   370.7    80.4   176.5   223.6   499.0   631.3   718.9   779.8   848.8   930.4  1072.2  1356.1  2801.2 11776.2  20064.0    20000  1619125254807  1619125260110
read      581.5   402.2    80.4   172.7   222.8   535.2   677.8   758.0   813.1   876.3   958.5  1085.1  1399.1  3526.1 16916.6  25020.2    25000  1619125261616  1619125266907
read      576.9   421.4    74.4   169.0   216.1   528.3   672.4   755.5   812.7   877.8   963.9  1095.9  1414.5  3151.4 15684.2  29945.0    30000  1619125268412  1619125273702
read      582.3   452.2    80.4   177.7   224.1   515.2   654.0   745.3   809.2   885.0   988.6  1163.1  1534.8  5025.9 17247.3  34997.2    35000  1619125275207  1619125280493
read      587.4   418.7    74.4   173.6   221.5   537.3   684.8   765.7   824.0   892.4   982.0  1125.0  1471.5  3599.9 16063.2  40061.6    40000  1619125281997  1619125287289
read      563.3   374.5    74.4   170.2   215.1   515.4   654.7   734.9   794.4   861.4   946.2  1089.3  1383.2  2593.2 12731.7  45078.8    45000  1619125288793  1619125294083
read      556.2   378.5    74.4   170.2   216.3   498.3   631.5   714.3   775.0   850.7   953.0  1115.0  1480.9  2336.7 12829.9  50155.0    50000  1619125295588  1619125300869
read      588.9   369.3    80.4   183.9   240.0   544.5   678.3   753.8   808.5   875.0   966.0  1115.5  1470.7  2310.0 12498.1  54985.4    55000  1619125302374  1619125307663
read      852.6   621.2    80.4   280.6   380.5   793.9   917.2  1000.1  1070.5  1168.9  1347.6  1645.8  2227.1  5914.9 25279.7  59946.1    60000  1619125309167  1619125314443
read     1010.5   548.4    80.4   623.6   707.9   910.7  1002.1  1076.1  1149.5  1277.6  1542.5  1779.3  2180.1  4286.1 25296.7  63097.5    65000  1619125315947  1619125321243
read     1048.3   588.0    80.4   684.9   745.2   926.0  1023.8  1111.2  1194.0  1356.4  1612.0  1830.2  2232.5  5265.5 25215.9  62935.2    70000  1619125322748  1619125328034
read     1020.8   550.9    93.8   683.7   730.4   904.9   993.9  1067.8  1148.2  1314.7  1572.4  1780.0  2145.2  5550.2 23980.9  64907.2    75000  1619125329538  1619125334827
read     1002.1   538.3   127.6   666.2   712.6   873.8   973.3  1055.6  1142.3  1328.3  1552.1  1740.6  2150.7  5483.6 20652.6  66087.6    80000  1619125336331  1619125341622
read     1075.4   675.8    80.4   711.2   763.0   940.0  1050.8  1135.2  1221.2  1380.5  1632.5  1859.3  2315.8  8984.6 28864.2  61942.4    85000  1619125343127  1619125348424
read     1066.4   593.1    93.8   722.0   773.1   935.2  1029.6  1113.3  1196.0  1365.3  1632.1  1840.4  2279.7  7490.8 22377.7  62358.3    90000  1619125349928  1619125355225
read     1068.6   564.4    86.8   715.3   765.9   944.3  1045.8  1121.7  1204.6  1362.0  1625.8  1861.1  2288.5  6753.4 20260.1  62173.2    95000  1619125356728  1619125362009
read     1015.8   563.6    93.8   696.3   745.4   896.2   972.1  1042.9  1126.1  1291.7  1581.9  1759.9  2130.4  7042.1 23731.4  65356.7   100000  1619125363514  1619125368810
read     1003.1   571.6    86.8   675.8   721.0   882.1   970.1  1042.5  1116.0  1276.7  1548.9  1737.0  2117.5  7649.2 23178.0  66225.8   105000  1619125370314  1619125375596
read      989.8   515.7   109.4   661.7   706.4   866.2   961.8  1042.3  1120.3  1301.7  1527.3  1720.4  2109.3  6236.7 16611.8  66850.6   110000  1619125377101  1619125382388
read     1030.0   573.7    93.8   702.0   749.7   905.2   996.9  1071.8  1147.8  1316.0  1592.1  1790.8  2181.1  7375.0 21973.0  64377.6   115000  1619125383893  1619125389191
read     1038.5   578.6    86.8   710.0   759.9   921.4  1001.2  1069.6  1140.1  1274.0  1589.3  1809.3  2175.5  7611.1 24425.1  64031.4   120000  1619125390697  1619125395981
Warning! Detected max cpu usage > 95%
CPU Usage Stats (avg/min/max): 58.01%,11.34%,100.00%

ubuntu@client-measure-6btf:~/memcache-perf-dynamic$ ./mcperf -s 10.156.0.34 -a 10.156.0.36 --noload -T 16 -C 4 -D 4 -Q 1000 -c 4 -t 5 --scan 5000:120000:5000
#type       avg     std     min      p5     p10     p50     p67     p75     p80     p85     p90     p95     p99    p999   p9999      QPS   target       ts_start         ts_end
read      434.2   790.0    93.8   215.9   262.6   381.8   429.1   457.3   477.8   505.0   543.9   621.5   928.0 10389.9 31776.4   4966.4     5000  1619125439339  1619125444699
read      481.2   375.1    80.4   183.2   236.0   445.2   530.4   579.7   616.7   662.0   724.8   815.6  1059.8  4375.2 16311.7   9936.2    10000  1619125446206  1619125451537
read      527.8   417.3    80.4   177.4   232.4   486.3   594.7   660.0   709.1   765.3   828.9   920.8  1173.2  4454.3 16602.4  14979.0    15000  1619125453042  1619125458333
read      562.8   439.8    80.4   175.5   226.3   506.0   646.5   725.5   779.0   841.2   921.3  1053.5  1358.8  5944.4 15059.3  20051.6    20000  1619125459839  1619125465139
read      579.9   458.7    74.4   168.8   220.6   533.5   675.5   750.0   804.3   868.8   953.4  1087.4  1379.1  4757.3 16126.1  24956.8    25000  1619125466644  1619125471956
read      580.5   369.7    80.4   168.1   217.1   537.8   687.4   763.7   816.3   879.0   962.9  1094.2  1395.9  3025.0 12182.7  30130.4    30000  1619125473460  1619125478756
read      578.2   412.6    74.4   168.8   213.5   537.6   683.0   759.6   815.3   879.4   960.5  1095.0  1384.8  3374.4 14967.4  35049.4    35000  1619125480260  1619125485575
read      567.2   405.4    74.4   166.3   211.2   523.8   670.4   744.9   797.9   860.8   942.2  1078.8  1360.7  3540.3 13815.6  40067.4    40000  1619125487081  1619125492380
read      573.9   399.3    74.4   171.1   219.0   520.2   667.3   747.9   806.5   874.0   967.8  1116.3  1441.2  2980.1 14583.7  45175.2    45000  1619125493886  1619125499188
read      588.6   447.2    74.4   179.6   229.1   534.7   678.0   756.6   816.0   884.1   979.6  1139.1  1484.9  3979.9 17369.1  50049.5    50000  1619125500692  1619125505978
read      604.7   404.6    68.9   188.0   244.9   555.0   691.3   770.2   827.7   898.2   993.4  1162.2  1555.1  3196.5 13906.6  54987.0    55000  1619125507482  1619125512766
read      660.6   475.2    80.4   213.7   281.5   609.6   745.2   822.2   878.5   953.2  1064.8  1264.3  1708.0  3840.3 18743.0  60002.3    60000  1619125514271  1619125519553
read      693.2   438.0    74.4   233.7   306.9   645.7   780.1   853.0   909.9   984.0  1090.7  1320.1  1801.8  3472.4 13721.1  64855.0    65000  1619125521058  1619125526355
read      966.1   566.6    80.4   594.5   669.2   857.6   949.3  1025.5  1101.1  1250.5  1485.4  1697.2  2111.6  7544.3 22234.8  66878.0    70000  1619125527860  1619125533150
read      993.4   509.9    80.4   662.4   711.2   869.8   959.9  1040.1  1127.7  1318.5  1546.5  1726.2  2109.6  5390.4 18944.0  66524.8    75000  1619125534654  1619125539953
read      959.3   471.6    86.8   652.1   696.1   838.7   921.8  1003.5  1092.5  1306.9  1504.3  1668.6  2019.0  4489.4 18297.1  68776.8    80000  1619125541458  1619125546751
read      977.1   510.0    86.8   655.3   699.9   857.5   943.3  1018.4  1103.3  1298.8  1518.4  1700.5  2056.8  6256.6 18539.5  67740.0    85000  1619125548256  1619125553536
read      935.2   481.6    68.9   621.6   663.4   812.6   904.9   989.4  1084.1  1282.8  1458.9  1626.2  2003.3  4949.1 16251.2  70536.2    90000  1619125555041  1619125560344
read     1076.1   589.9   109.4   712.6   762.8   939.9  1052.0  1139.1  1229.7  1400.8  1642.3  1872.5  2361.5  6966.1 23937.0  61710.8    95000  1619125561848  1619125567141
read     1088.6   580.8    93.8   725.6   776.6   970.4  1070.5  1144.8  1215.5  1358.2  1644.2  1899.2  2320.4  6679.2 24686.2  61028.0   100000  1619125568646  1619125573916
read     1003.5   530.9    93.8   651.6   699.5   873.7   987.3  1079.1  1175.5  1359.6  1547.6  1748.8  2177.2  5663.1 19902.7  65906.4   105000  1619125575421  1619125580704
read     1070.3   612.6   101.3   703.0   752.1   933.0  1043.8  1138.0  1238.6  1422.6  1642.6  1867.5  2337.6  7993.0 25815.3  62036.0   110000  1619125582209  1619125587497
read     1053.9   604.5   109.4   707.5   754.3   919.8  1021.9  1108.9  1204.4  1387.6  1623.4  1828.5  2256.9  6821.5 24935.0  63089.8   115000  1619125589002  1619125594287
read     1037.7   562.7    80.4   707.4   754.9   919.8  1004.4  1074.8  1151.0  1325.2  1610.0  1814.5  2161.7  4738.4 24578.3  63783.6   120000  1619125595792  1619125601090
Warning! Detected max cpu usage > 95%
CPU Usage Stats (avg/min/max): 58.35%,10.50%,100.00%

ubuntu@client-measure-6btf:~/memcache-perf-dynamic$ ./mcperf -s 10.156.0.34 -a 10.156.0.36 --noload -T 16 -C 4 -D 4 -Q 1000 -c 4 -t 5 --scan 5000:120000:5000
#type       avg     std     min      p5     p10     p50     p67     p75     p80     p85     p90     p95     p99    p999   p9999      QPS   target       ts_start         ts_end
read      418.7   486.8    93.8   216.1   259.9   382.9   430.5   459.8   482.7   511.9   558.9   650.7   914.0  5254.9 15695.0   4954.6     5000  1619125640743  1619125646108
read      481.6   359.1    80.4   181.1   233.7   439.7   536.0   596.9   638.1   683.0   737.3   823.4  1080.1  4721.6 12729.9   9943.6    10000  1619125647616  1619125652972
read      534.8   438.4    80.4   176.2   231.4   487.9   611.9   678.8   723.8   775.0   839.6   937.4  1181.3  4917.3 12710.6  15003.2    15000  1619125654477  1619125659778
read      535.1   315.7    80.4   170.7   220.6   496.6   622.6   699.1   747.9   804.4   873.0   986.9  1229.1  2338.8  9879.3  19936.2    20000  1619125661283  1619125666600
read      558.5   403.7    80.4   167.5   214.4   494.1   642.2   726.5   785.9   856.2   949.7  1097.1  1383.9  4116.8 13691.7  24989.4    25000  1619125668105  1619125673397
read      567.1   400.4    80.4   166.8   213.8   523.6   664.3   742.7   797.4   859.8   941.2  1072.8  1371.0  3859.9 12601.7  29969.8    30000  1619125674902  1619125680214
read      571.9   457.9    80.4   166.9   212.8   523.7   670.8   748.3   804.9   871.7   962.7  1099.9  1382.5  3476.1 17253.3  34936.2    35000  1619125681719  1619125687004
read      557.4   370.6    74.4   164.8   207.7   503.3   651.8   730.6   788.0   856.7   950.9  1110.5  1487.2  2156.3 12915.2  40004.0    40000  1619125688509  1619125693787
read      573.6   412.2    74.4   167.6   214.9   522.5   670.0   749.6   806.4   873.0   966.5  1109.9  1439.8  2979.1 14504.8  45019.8    45000  1619125695292  1619125700573
read      566.5   394.0    74.4   170.2   218.7   520.6   660.7   735.8   791.3   857.3   946.8  1090.4  1398.9  2489.2 15533.4  49894.2    50000  1619125702078  1619125707375
read      628.4   454.0    80.4   187.9   244.2   562.1   713.9   801.8   866.2   944.6  1058.8  1257.7  1725.5  3101.8 16874.8  54852.0    55000  1619125708879  1619125714163
read      720.1   549.6    80.4   215.4   290.1   668.9   823.3   900.9   958.2  1031.9  1148.6  1382.1  1933.0  3991.3 23140.7  59729.4    60000  1619125715667  1619125720960
read      876.8   484.5    74.4   383.7   502.5   825.2   919.0   982.1  1036.3  1125.8  1310.2  1604.9  1989.9  4478.9 18006.2  65055.5    65000  1619125722463  1619125727752
read     1040.3   526.0    86.8   695.0   750.2   928.5  1015.7  1090.4  1165.5  1304.1  1575.6  1821.4  2198.9  5803.0 17482.2  63377.2    70000  1619125729256  1619125734542
read     1022.5   586.0    86.8   690.3   735.7   905.0   995.4  1068.7  1144.0  1289.7  1554.8  1777.0  2158.8  7268.0 25071.4  64849.6    75000  1619125736047  1619125741354
read     1026.3   576.0    86.8   693.3   735.0   901.4  1002.1  1082.6  1165.9  1349.8  1574.3  1774.4  2188.2  5654.8 24660.8  64531.2    80000  1619125742859  1619125748151
read     1009.2   583.3    86.8   660.5   708.2   885.3   989.0  1075.4  1167.2  1345.9  1552.2  1743.9  2152.9  5456.2 25049.3  65726.7    85000  1619125749656  1619125754962
read     1038.0   599.8   101.3   700.9   749.4   910.8  1003.5  1083.2  1166.5  1349.6  1597.2  1799.9  2190.4  7727.3 25441.8  63942.4    90000  1619125756468  1619125761751
read     1023.7   557.3    80.4   679.7   726.4   896.7   995.6  1078.4  1168.3  1362.3  1582.1  1785.9  2196.9  6147.7 22413.6  64743.2    95000  1619125763256  1619125768544
read     1032.3   544.0    93.8   699.9   749.6   904.5  1001.1  1085.4  1172.2  1369.4  1600.7  1789.4  2173.7  5890.4 20155.3  64073.0   100000  1619125770050  1619125775346
read     1065.6   561.7   101.3   707.6   759.5   940.6  1046.5  1128.0  1211.8  1373.2  1621.7  1844.1  2282.3  7118.3 21291.6  62293.1   105000  1619125776852  1619125782144
read     1057.8   576.3    80.4   706.8   759.2   930.7  1029.4  1109.6  1190.8  1375.1  1633.3  1841.1  2240.3  6562.7 22275.8  62731.9   110000  1619125783649  1619125788929
read     1043.6   587.9    93.8   717.6   762.0   915.0  1002.3  1079.5  1161.4  1338.8  1608.3  1803.5  2204.1  7526.1 23755.2  63705.5   115000  1619125790435  1619125795732
read     1023.0   578.7    86.8   684.1   729.2   900.9   998.6  1078.7  1160.3  1315.0  1552.7  1770.5  2195.1  7579.9 23396.8  64904.6   120000  1619125797237  1619125802522
Warning! Detected max cpu usage > 95%
CPU Usage Stats (avg/min/max): 57.59%,5.10%,100.00%