// t1c2

ubuntu@client-measure-6btf:~/memcache-perf-dynamic$ ./mcperf -s 10.156.0.34 -a 10.156.0.36 --noload -T 16 -C 4 -D 4 -Q 1000 -c 4 -t 5 --scan 5000:120000:5000
#type       avg     std     min      p5     p10     p50     p67     p75     p80     p85     p90     p95     p99    p999   p9999      QPS   target       ts_start         ts_end
read      423.9   497.5    93.8   216.4   259.0   379.9   429.4   460.8   485.8   517.9   565.3   636.6   929.9  7830.5 17462.3   5009.6     5000  1619125962539  1619125967891
read      495.8   347.8    80.4   186.5   240.4   454.9   555.3   613.2   651.6   693.5   748.9   863.2  1085.1  4943.6 10870.6   9976.2    10000  1619125969397  1619125974756
read      543.4   364.3    80.4   183.7   235.5   496.7   625.0   688.0   733.6   795.6   881.6  1000.1  1259.6  3933.5 12564.2  14940.0    15000  1619125976261  1619125981566
read      577.7   424.2    80.4   174.2   227.3   523.9   665.7   736.6   792.3   875.7   969.7  1111.3  1411.6  4441.8 14266.1  20023.2    20000  1619125983073  1619125988376
read      592.9   448.6    80.4   175.1   224.4   535.1   685.6   764.8   826.0   910.8  1005.3  1158.7  1477.9  4488.0 14133.5  25008.2    25000  1619125989881  1619125995215
read      589.6   444.0    74.4   171.5   217.5   532.5   684.1   765.5   825.6   906.5  1007.6  1165.3  1487.7  4237.8 15073.2  29959.2    30000  1619125996721  1619126002020
read      582.9   478.8    80.4   169.5   213.0   529.3   676.5   754.2   811.6   887.1   994.0  1150.8  1470.5  4206.0 17527.5  34750.0    35000  1619126003526  1619126008809
read      573.4   373.2    74.4   170.6   214.2   523.7   672.7   752.6   810.3   878.2   985.6  1133.7  1437.0  2350.2 12657.0  39952.4    40000  1619126010314  1619126015591
read      585.2   390.9    80.4   173.6   220.1   530.0   679.0   762.5   822.7   898.9  1009.2  1170.5  1495.9  2246.2 13402.7  44921.0    45000  1619126017096  1619126022391
read      562.8   371.0    74.4   167.3   213.9   512.1   651.9   730.7   788.8   857.0   955.3  1114.8  1448.5  2552.9 12490.9  49995.2    50000  1619126023896  1619126029176
read      580.4   409.7    74.4   179.1   229.5   527.3   659.7   737.0   796.8   868.7   976.1  1152.4  1516.6  3041.0 15525.9  55116.2    55000  1619126030680  1619126035972
read      605.7   403.3    74.4   192.3   253.5   557.6   688.9   764.1   820.0   889.1   992.1  1162.9  1533.7  2621.2 13196.3  59828.0    60000  1619126037476  1619126042757
read      705.4   428.9    74.4   248.9   326.9   661.1   781.1   851.2   907.8   988.0  1115.4  1350.9  1725.2  3368.2 15906.0  65022.0    65000  1619126044261  1619126049547
read      958.1   459.9    86.8   626.2   681.9   851.4   934.5  1009.8  1093.0  1256.5  1484.6  1675.2  2022.6  3612.7 18156.5  68177.6    70000  1619126051053  1619126056360
read      986.3   496.7    93.8   661.5   711.0   866.9   951.9  1026.3  1105.5  1288.3  1540.3  1721.4  2070.2  5083.4 18213.8  66865.8    75000  1619126057865  1619126063152
read     1006.5   571.0    80.4   659.3   712.2   888.5   988.6  1069.8  1151.4  1315.8  1542.7  1740.2  2144.1  4998.4 25209.8  65732.0    80000  1619126064657  1619126069930
read      976.8   524.3   101.3   659.0   707.6   858.5   938.9  1012.8  1091.8  1270.5  1517.8  1694.9  2037.4  6732.5 20090.9  67735.0    85000  1619126071435  1619126076746
read     1000.9   534.8    80.4   666.5   714.7   879.0   974.6  1048.1  1124.1  1304.9  1546.6  1741.9  2121.0  7072.5 19240.0  66197.0    90000  1619126078251  1619126083540
read      984.7   528.9    68.9   658.8   706.9   861.0   943.0  1031.5  1124.4  1317.4  1534.5  1716.3  2079.8  5864.5 20789.8  67131.4    95000  1619126085046  1619126090335
read      992.6   552.6   109.4   657.9   707.7   869.4   960.4  1040.3  1131.3  1313.8  1536.4  1721.1  2093.2  6507.4 24242.7  66723.2   100000  1619126091841  1619126097146
read      982.4   598.8   127.6   655.2   705.2   857.1   941.1  1021.4  1109.0  1298.2  1522.1  1697.2  2072.7  6872.8 25076.2  67648.0   105000  1619126098652  1619126103935
read     1000.6   576.8   101.3   669.0   718.1   871.3   958.6  1039.2  1133.0  1341.7  1562.2  1731.5  2098.4  6361.7 24045.2  66256.8   110000  1619126105440  1619126110724
read      984.6   568.6    86.8   662.0   712.4   863.9   942.6  1021.2  1101.1  1277.0  1529.9  1709.9  2052.2  6050.2 23976.8  67263.0   115000  1619126112229  1619126117524
read     1019.1   561.3    80.4   669.1   726.3   904.3   994.4  1071.8  1150.6  1306.3  1562.5  1768.3  2158.2  5908.7 24171.9  64997.3   120000  1619126119028  1619126124321
Warning! Detected max cpu usage > 95%
CPU Usage Stats (avg/min/max): 57.63%,6.53%,100.00%

ubuntu@client-measure-6btf:~/memcache-perf-dynamic$ ./mcperf -s 10.156.0.34 -a 10.156.0.36 --noload -T 16 -C 4 -D 4 -Q 1000 -c 4 -t 5 --scan 5000:120000:5000
#type       avg     std     min      p5     p10     p50     p67     p75     p80     p85     p90     p95     p99    p999   p9999      QPS   target       ts_start         ts_end
read      435.7   398.6    86.8   210.6   264.8   396.0   449.7   485.4   514.4   550.4   596.7   675.5  1052.2  5442.2 15521.7   4968.4     5000  1619126144191  1619126149548
read      501.1   413.0    86.8   184.9   234.0   453.2   561.9   618.8   657.4   702.2   760.0   856.5  1163.3  6413.6 12877.8  10079.4    10000  1619126151053  1619126156443
read      550.9   442.6    80.4   180.4   232.6   501.7   633.4   701.2   750.6   807.3   884.1  1001.8  1267.9  4379.8 18836.3  15004.8    15000  1619126157948  1619126163266
read      575.8   467.4    80.4   177.4   228.3   520.0   656.9   732.3   787.9   857.0   946.7  1094.6  1485.5  5628.2 14850.8  19919.2    20000  1619126164771  1619126170085
read      574.9   470.2    80.4   168.8   216.3   526.0   666.2   741.5   797.3   865.3   956.1  1084.0  1372.1  5807.8 15652.5  25025.0    25000  1619126171591  1619126176906
read      590.0   428.4    80.4   171.4   218.0   534.0   682.3   764.0   825.4   900.0  1000.5  1166.7  1550.9  4535.0 13606.9  29973.8    30000  1619126178411  1619126183716
read      573.5   442.6    74.4   164.7   207.0   520.5   664.4   743.3   802.2   874.9   979.4  1144.7  1503.0  4386.6 15172.9  34925.4    35000  1619126185219  1619126190505
read      576.1   450.2    80.4   167.6   210.7   510.2   658.5   743.5   808.3   890.0   998.2  1174.5  1570.1  3918.9 16753.3  39835.0    40000  1619126192009  1619126197340
read      573.6   408.5    80.4   169.5   215.0   517.9   658.7   740.8   803.6   879.7   983.7  1154.7  1510.1  2766.9 14072.1  44897.4    45000  1619126198846  1619126204129
read      579.2   388.5    80.4   174.7   224.3   529.7   668.0   746.3   806.2   879.0   982.3  1140.7  1468.6  2361.3 13175.9  49986.6    50000  1619126205633  1619126210917
read      571.8   371.2    74.4   175.6   226.0   523.8   656.1   734.4   793.2   863.9   959.4  1109.5  1446.7  2633.9 12803.5  54938.9    55000  1619126212421  1619126217708
read      729.1   486.2    74.4   233.9   308.4   673.6   816.2   901.3   967.2  1052.6  1179.4  1412.4  1898.0  4020.7 17142.6  59913.8    60000  1619126219213  1619126224489
read      810.0   491.4    74.4   292.7   387.4   756.0   883.2   961.9  1026.4  1126.7  1276.5  1534.3  1985.7  3854.3 15876.9  64444.1    65000  1619126225994  1619126231287
read      995.1   484.1   118.1   658.1   708.4   872.6   972.1  1058.7  1148.3  1341.4  1558.8  1740.7  2103.8  3322.5 19494.9  65955.4    70000  1619126232793  1619126238080
read      974.4   527.3    80.4   643.8   694.0   853.5   943.1  1033.6  1135.6  1327.0  1514.6  1694.1  2058.4  4609.0 21400.6  67585.4    75000  1619126239584  1619126244866
read      963.9   469.1    86.8   662.8   707.8   852.9   925.4   991.7  1066.8  1245.9  1514.0  1687.9  1992.3  4075.7 17325.1  68339.0    80000  1619126246370  1619126251665
read      979.6   486.6    86.8   674.9   718.1   859.3   936.3  1013.0  1094.6  1295.4  1542.1  1706.0  2031.6  4100.7 18603.8  67317.8    85000  1619126253170  1619126258467
read      988.8   565.0    80.4   657.2   706.3   867.7   959.3  1042.1  1136.0  1316.5  1529.4  1713.1  2093.4  4061.3 24880.3  66833.2    90000  1619126259973  1619126265269
read      998.7   537.7   127.6   684.0   727.2   877.3   961.2  1033.0  1107.6  1271.7  1542.4  1734.6  2122.3  4986.0 20948.8  66264.4    95000  1619126266773  1619126272065
read      963.2   485.1    74.4   656.5   703.5   848.0   926.5  1000.4  1085.0  1293.1  1517.0  1681.9  1999.2  3108.3 23382.4  68366.8   100000  1619126273570  1619126278845
read     1002.4   585.6    86.8   674.1   718.6   879.5   974.6  1050.2  1130.8  1310.6  1543.4  1738.2  2120.5  5322.2 25572.0  66129.2   105000  1619126280350  1619126285664
read      981.3   510.0    74.4   660.8   710.1   869.6   944.9  1012.5  1086.7  1261.4  1525.0  1711.4  2034.4  5347.8 19706.3  67360.6   110000  1619126287169  1619126292452
read      965.0   492.6    86.8   657.6   704.7   854.4   931.6  1001.3  1074.3  1239.4  1505.5  1685.9  2005.4  3958.4 21118.7  68402.0   115000  1619126293958  1619126299244
read      999.5   496.9    74.4   675.9   722.6   882.6   971.3  1043.9  1116.4  1288.4  1550.8  1739.4  2101.5  4420.6 18886.1  66080.7   120000  1619126300748  1619126306050
Warning! Detected max cpu usage > 95%
CPU Usage Stats (avg/min/max): 60.68%,4.04%,100.00%

ubuntu@client-measure-6btf:~/memcache-perf-dynamic$ ./mcperf -s 10.156.0.34 -a 10.156.0.36 --noload -T 16 -C 4 -D 4 -Q 1000 -c 4 -t 5 --scan 5000:120000:5000
#type       avg     std     min      p5     p10     p50     p67     p75     p80     p85     p90     p95     p99    p999   p9999      QPS   target       ts_start         ts_end
read      436.9   539.9    93.8   208.8   259.8   390.1   448.1   487.4   515.8   548.9   592.9   665.2   925.2  7567.4 30529.0   4969.0     5000  1619126317605  1619126322969
read      476.5   335.0    86.8   181.7   230.3   440.4   546.8   598.3   632.7   673.7   725.4   804.9  1010.4  4014.5 12600.4   9978.4    10000  1619126324475  1619126329797
read      534.5   427.2    80.4   176.3   227.8   487.9   613.9   678.1   723.5   776.4   847.4   964.9  1241.7  5194.4 17810.8  14980.0    15000  1619126331302  1619126336616
read      568.4   476.8    80.4   170.8   220.3   527.2   654.9   727.8   781.6   847.5   932.9  1057.8  1311.0  4248.5 26252.1  19902.0    20000  1619126338121  1619126343416
read      570.6   380.6    80.4   170.0   217.6   528.7   664.5   739.4   796.9   868.8   964.4  1095.3  1360.7  3464.0 13090.4  24986.4    25000  1619126344920  1619126350232
read      573.7   435.4    74.4   169.8   215.3   527.4   668.2   744.0   799.9   868.8   958.0  1096.8  1385.2  3298.9 20777.9  29935.4    30000  1619126351739  1619126357033
read      580.3   433.2    74.4   170.0   215.5   531.2   669.3   746.9   806.0   882.4   984.2  1140.0  1465.8  4528.5 14498.8  35132.6    35000  1619126358539  1619126363835
read      568.2   409.0    74.4   167.8   212.3   520.6   662.2   739.2   795.4   864.9   962.9  1116.9  1421.5  3187.8 14881.0  39978.4    40000  1619126365341  1619126370625
read      567.9   395.5    74.4   168.8   214.5   519.3   659.5   737.5   794.5   864.8   963.9  1119.9  1465.1  2153.7 13533.6  44825.8    45000  1619126372130  1619126377421
read      581.3   446.7    80.4   174.0   223.3   527.5   667.5   744.6   802.5   875.9   977.8  1137.8  1483.0  4006.7 15096.7  49947.4    50000  1619126378925  1619126384210
read      591.7   386.7    80.4   182.9   237.7   542.5   676.0   754.6   813.7   886.8   987.4  1152.4  1518.6  2640.3 12514.0  55039.4    55000  1619126385714  1619126390998
read      627.5   415.7    74.4   196.3   258.0   577.0   712.3   789.9   847.5   918.9  1022.6  1221.4  1647.8  2846.1 13700.5  59774.8    60000  1619126392504  1619126397787
read      727.6   477.1    74.4   261.6   342.0   680.1   795.1   864.4   926.9  1009.2  1147.1  1373.2  1774.7  4548.9 17087.4  64931.6    65000  1619126399293  1619126404575
read      981.9   509.7    93.8   602.5   661.4   891.3   993.5  1066.9  1133.3  1242.7  1445.8  1731.2  2142.8  4699.1 21339.5  65767.0    70000  1619126406079  1619126411389
read      950.0   460.1    86.8   647.2   695.1   839.6   917.8   989.4  1064.7  1239.9  1488.8  1660.9  1996.8  3866.6 17423.2  69196.4    75000  1619126412894  1619126418180
read      990.3   541.8   127.6   651.0   700.4   875.0   970.3  1049.3  1131.3  1298.7  1519.5  1729.1  2081.1  4530.6 24438.8  66760.0    80000  1619126419685  1619126424961
read      998.6   526.7   101.3   663.6   713.3   878.7   971.9  1050.1  1133.7  1318.4  1548.3  1736.3  2104.4  4713.4 22946.1  66168.8    85000  1619126426467  1619126431772
read      964.9   496.8    80.4   660.1   708.4   852.2   924.4   991.0  1067.7  1254.4  1521.5  1685.2  1988.6  4065.5 20483.2  68381.9    90000  1619126433277  1619126438553
read      970.6   497.6   109.4   653.0   701.7   854.2   941.5  1020.5  1092.1  1261.8  1504.3  1686.0  2050.6  5296.7 18795.2  68075.6    95000  1619126440057  1619126445349
read      977.7   493.1    93.8   669.5   714.0   863.5   938.6  1007.7  1085.5  1246.9  1520.5  1703.7  2037.5  4561.5 18899.5  67666.6   100000  1619126446853  1619126452144
read      991.5   511.5    80.4   679.7   725.9   873.6   948.7  1016.9  1091.5  1277.1  1554.0  1722.8  2029.4  4218.1 21493.0  66701.6   105000  1619126453650  1619126458928
read      970.9   503.8    80.4   642.8   691.1   858.6   947.2  1019.3  1106.6  1296.3  1497.4  1698.2  2059.9  4783.1 19541.2  68060.2   110000  1619126460432  1619126465719
read      976.0   509.0    93.8   658.8   706.7   858.1   936.7  1009.8  1089.5  1278.5  1524.6  1700.5  2037.8  5869.5 17878.8  67816.0   115000  1619126467223  1619126472504
read      952.0   483.1    86.8   649.1   696.0   845.8   915.0   974.5  1052.5  1238.9  1487.0  1667.8  1953.2  4810.8 19817.6  69360.6   120000  1619126474009  1619126479294
Warning! Detected max cpu usage > 95%
CPU Usage Stats (avg/min/max): 57.41%,12.56%,100.00%