// t2c1

ubuntu@client-measure-6btf:~/memcache-perf-dynamic$ ./mcperf -s 10.156.0.34 -a 10.156.0.36 --noload -T 16 -C 4 -D 4 -Q 1000 -c 4 -t 5 --scan 5000:120000:5000
#type       avg     std     min      p5     p10     p50     p67     p75     p80     p85     p90     p95     p99    p999   p9999      QPS   target       ts_start         ts_end
read      408.9   505.3    86.8   191.5   241.2   364.4   430.7   467.4   493.9   525.1   564.4   624.3   809.0  7825.2 21332.7   4937.4     5000  1619126578675  1619126584033
read      482.8   370.0    80.4   157.1   200.9   438.9   556.2   615.5   656.2   702.5   761.6   869.3  1141.8  3799.9 13446.1   9841.6    10000  1619126585537  1619126590870
read      523.5   526.6    74.4   149.8   184.2   450.5   607.6   703.5   770.5   850.2   936.6  1064.6  1279.0  4069.1 23003.2  15020.0    15000  1619126592375  1619126597694
read      543.9   479.7    74.4   141.9   173.2   431.0   611.9   753.4   861.3   958.9  1071.3  1204.3  1477.4  5198.2 13238.1  20128.4    20000  1619126599198  1619126604492
read      566.9   465.7    68.9   140.0   171.0   421.4   607.7   773.2   934.2  1077.5  1202.9  1373.8  1687.7  3388.5 12127.3  24944.8    25000  1619126605996  1619126611320
read      556.0   487.9    68.9   139.4   168.3   388.4   570.3   729.3   913.4  1089.5  1232.3  1422.9  1738.4  3691.8 15076.0  29872.4    30000  1619126612824  1619126618124
read      544.7   557.8    68.9   135.2   161.3   365.3   528.2   665.5   849.2  1084.0  1260.5  1474.0  1846.0  5315.8 18284.9  34956.6    35000  1619126619627  1619126624941
read      526.1   487.7    74.4   134.0   158.9   345.1   490.5   619.1   771.4  1053.0  1269.9  1522.1  1947.3  3690.5 10143.5  40019.0    40000  1619126626446  1619126631745
read      548.3   565.2    68.9   133.2   158.5   352.9   489.9   607.2   733.8  1047.0  1372.1  1692.9  2255.3  4137.0 13529.8  44869.8    45000  1619126633250  1619126638551
read      522.0   576.3    68.9   130.1   153.5   329.5   454.2   566.0   687.0   960.5  1314.8  1645.4  2186.1  4464.1 12915.7  50002.4    50000  1619126640055  1619126645350
read      535.6   609.8    68.9   131.1   155.2   335.1   451.3   546.5   647.2   910.6  1367.4  1780.6  2538.7  4013.2 13789.8  54775.1    55000  1619126646854  1619126652144
read      532.5   688.2    68.9   131.2   155.7   325.9   433.2   523.4   618.1   860.8  1347.3  1835.3  2611.6  4541.5 24276.3  60065.4    60000  1619126653649  1619126658929
read      762.2  1861.2    68.9   144.4   181.2   391.8   500.9   579.6   651.3   770.3  1181.0  2427.1  7899.4 31096.1 38149.0  64635.0    65000  1619126660434  1619126665721
read     1023.3  2940.7    74.4   210.6   247.4   403.6   515.9   589.4   640.6   706.0   815.2  4159.3 12747.0 32302.1 44825.9  69109.6    70000  1619126667227  1619126672516
read     1102.8  3212.6    68.9   250.5   279.8   421.8   549.2   619.5   666.3   723.6   816.9  2191.5 13714.7 32491.9 40793.4  68090.2    75000  1619126674020  1619126679312
read     1045.5  3158.7    80.4   234.6   263.5   399.6   509.6   577.6   624.2   679.8   757.8  1098.9 13153.4 32404.5 42673.9  72258.8    80000  1619126680818  1619126686124
read     1056.1  3214.8    74.4   245.7   271.6   399.8   525.3   590.4   630.1   678.1   750.8  1063.5 13538.8 32480.4 42714.7  72041.6    85000  1619126687629  1619126692929
read     1060.8  3185.9    74.4   249.4   275.7   399.7   531.9   597.7   637.6   686.3   763.5  1119.4 13276.7 32439.8 49610.7  71500.2    90000  1619126694441  1619126699728
read     1102.6  3206.6    86.8   257.6   283.7   424.7   562.0   627.9   671.4   726.8   825.5  2413.6 14657.5 32431.1 42618.8  68951.6    95000  1619126701232  1619126706520
read     1118.3  3250.9    74.4   263.1   290.6   426.2   557.9   632.2   680.4   736.6   828.0  2263.7 13734.1 32513.7 45805.0  68087.2   100000  1619126708025  1619126713305
read     1044.9  3072.9    74.4   252.9   278.3   399.0   537.0   604.8   643.8   689.1   763.5  1309.0 12874.4 32270.3 40655.9  71479.7   105000  1619126714809  1619126720104
read     1070.7  3164.5    80.4   257.9   282.6   404.9   543.6   612.3   653.0   700.0   777.5  1210.0 13666.7 32378.6 43137.0  70247.6   110000  1619126721609  1619126726891
read     1059.6  3138.9    68.9   248.6   275.9   406.7   532.0   599.4   642.4   694.6   778.8  1185.0 13769.8 32412.0 44047.8  70944.4   115000  1619126728396  1619126733678
read     1068.2  3126.8    80.4   241.1   271.3   422.1   540.9   604.1   646.9   701.3   790.5  1554.1 13139.0 32468.3 49830.5  70250.6   120000  1619126735184  1619126740474
Warning! Detected max cpu usage > 95%
CPU Usage Stats (avg/min/max): 57.89%,4.02%,100.00%

ubuntu@client-measure-6btf:~/memcache-perf-dynamic$ ./mcperf -s 10.156.0.34 -a 10.156.0.36 --noload -T 16 -C 4 -D 4 -Q 1000 -c 4 -t 5 --scan 5000:120000:5000
#type       avg     std     min      p5     p10     p50     p67     p75     p80     p85     p90     p95     p99    p999   p9999      QPS   target       ts_start         ts_end
read      424.5   717.2    86.8   193.8   241.5   369.4   431.6   469.2   496.1   527.6   568.0   634.2   957.6  8490.8 31781.0   4936.0     5000  1619126761136  1619126766527
read      476.7   547.1    80.4   155.9   199.5   417.6   533.7   593.2   632.6   678.0   736.7   837.0  1132.4  8017.3 30131.5   9931.8    10000  1619126768033  1619126773387
read      531.6   465.6    74.4   149.1   182.6   457.3   611.6   710.5   782.6   860.9   945.1  1085.8  1310.7  5157.7 14495.6  15102.2    15000  1619126774892  1619126780189
read      545.2   527.6    68.9   142.2   173.9   447.1   622.2   743.7   841.1   936.1  1050.9  1174.6  1454.3  6467.2 13960.9  19974.9    20000  1619126781694  1619126787005
read      570.1   513.5    74.4   138.7   169.1   421.3   613.0   774.4   943.2  1093.3  1204.2  1372.9  1686.7  3874.0 17266.9  24937.2    25000  1619126788511  1619126793804
read      554.2   462.8    74.4   135.6   164.0   386.9   568.7   722.1   914.8  1108.3  1245.5  1435.0  1761.4  2661.1 11524.2  29927.8    30000  1619126795310  1619126800614
read      533.7   491.9    74.4   133.3   158.9   356.2   519.7   661.7   861.3  1092.0  1249.0  1453.1  1817.7  2654.9 12738.3  34968.8    35000  1619126802119  1619126807423
read      525.6   516.3    68.9   130.0   154.5   345.8   484.1   613.3   774.0  1073.8  1278.0  1520.3  1951.4  2731.0 16543.5  39900.6    40000  1619126808929  1619126814220
read      539.5   566.5    68.9   130.3   154.4   345.8   477.4   596.3   719.6  1048.8  1350.3  1686.0  2182.1  3968.2 15416.3  44834.2    45000  1619126815724  1619126821030
read      520.6   559.3    68.9   129.5   152.6   328.6   452.8   556.8   672.1   966.7  1314.6  1678.4  2261.7  3475.3 16935.9  49954.4    50000  1619126822537  1619126827832
read      528.7   622.2    68.9   131.5   155.5   327.5   442.9   538.7   642.6   919.7  1357.6  1763.6  2445.9  3982.6 19431.3  55011.2    55000  1619126829338  1619126834626
read      607.8  1045.0    68.9   140.1   167.0   353.9   465.7   548.2   631.1   817.1  1456.4  2115.1  3715.0  9547.0 32172.7  59763.0    60000  1619126836131  1619126841424
read      644.9  1418.9    68.9   140.7   168.3   347.2   453.0   532.6   607.3   743.1  1302.5  2127.2  5204.2 19640.5 37083.0  65075.8    65000  1619126842928  1619126848222
read      883.1  2424.6    68.9   176.2   213.8   379.4   487.4   562.1   619.1   690.4   835.3  3108.1 12020.5 31891.4 39814.6  70005.2    70000  1619126849727  1619126855023
read     1064.0  3056.5    80.4   236.2   269.5   414.6   532.8   608.5   659.5   719.2   810.0  2529.8 13105.4 32374.6 42464.1  68492.6    75000  1619126856528  1619126861811
read     1071.5  3088.8    74.4   266.1   293.3   405.7   546.0   625.3   669.3   717.5   791.9  1360.6 13321.7 32181.8 40331.3  68963.9    80000  1619126863315  1619126868611
read     1111.2  3117.0    74.4   276.2   302.1   427.2   569.7   649.8   695.0   746.0   844.1  3156.8 13551.1 32374.0 42171.8  66952.2    85000  1619126870116  1619126875407
read     1105.9  3220.5    74.4   275.6   300.2   412.7   550.3   635.3   680.9   731.5   805.1  1324.8 13785.3 32421.3 43360.0  68135.2    90000  1619126876912  1619126882207
read     1081.8  3113.0    86.8   268.0   295.6   408.8   549.3   630.1   674.7   724.2   797.4  1654.8 13404.0 32152.8 39940.0  68911.0    95000  1619126883712  1619126888992
read     1035.7  3068.5    80.4   253.5   278.6   396.1   525.2   598.2   640.0   686.9   757.7  1066.8 12910.1 32406.1 42465.7  71968.8   100000  1619126890496  1619126895778
read     1040.7  3058.4    74.4   251.2   277.0   397.7   529.4   599.6   640.5   689.7   767.7  1290.7 13212.5 32184.0 40190.9  71883.0   105000  1619126897283  1619126902574
read     1042.3  3096.7    74.4   253.5   278.5   395.8   532.3   603.0   642.1   686.7   756.4  1126.6 13106.9 32310.6 44023.5  71712.8   110000  1619126904078  1619126909366
read     1054.3  3118.6    74.4   260.7   287.0   397.2   536.5   614.2   655.4   697.8   762.6  1144.3 13305.9 32427.5 47683.4  70892.8   115000  1619126910870  1619126916167
read     1078.4  3140.9    80.4   257.3   282.0   415.9   545.8   615.5   659.8   713.8   798.3  1605.5 13168.2 32365.6 41077.1  69612.2   120000  1619126917672  1619126922952
Warning! Detected max cpu usage > 95%
CPU Usage Stats (avg/min/max): 57.45%,1.51%,100.00%

ubuntu@client-measure-6btf:~/memcache-perf-dynamic$ ./mcperf -s 10.156.0.34 -a 10.156.0.36 --noload -T 16 -C 4 -D 4 -Q 1000 -c 4 -t 5 --scan 5000:120000:5000
#type       avg     std     min      p5     p10     p50     p67     p75     p80     p85     p90     p95     p99    p999   p9999      QPS   target       ts_start         ts_end
read      434.8   538.0    80.4   193.7   245.4   385.7   452.0   486.3   510.8   541.7   580.9   641.8  1073.9  7796.5 18637.2   4968.4     5000  1619126936708  1619126942065
read      491.6   464.7    74.4   160.4   202.4   448.4   554.3   612.0   652.5   699.9   763.0   859.4  1142.8  6157.7 18992.5   9960.5    10000  1619126943570  1619126948908
read      545.2   543.2    68.9   149.2   182.7   471.3   619.2   720.1   797.1   872.6   968.0  1099.0  1360.5  6798.0 21835.2  15098.8    15000  1619126950412  1619126955729
read      543.8   427.4    74.4   144.4   174.9   445.3   619.1   751.7   861.9   968.2  1080.2  1189.6  1457.4  3756.7 13688.3  20019.2    20000  1619126957235  1619126962548
read      573.4   542.7    74.4   140.5   171.5   425.1   611.8   778.5   941.2  1088.1  1202.0  1370.4  1724.1  4109.3 17420.4  24930.6    25000  1619126964053  1619126969357
read      559.6   576.7    74.4   137.4   164.1   381.3   567.3   720.5   910.6  1101.0  1239.5  1424.8  1775.7  6678.4 14920.9  30066.0    30000  1619126970861  1619126976183
read      554.3   513.6    68.9   133.9   160.8   376.0   553.4   699.4   875.3  1104.4  1275.9  1484.9  1886.9  4255.0 11757.9  34908.5    35000  1619126977688  1619126982974
read      535.5   514.4    68.9   132.6   157.4   350.9   506.3   634.3   785.8  1081.6  1295.3  1547.1  1985.8  2994.7 13954.2  39944.8    40000  1619126984480  1619126989767
read      553.4   601.6    68.9   133.1   158.4   350.8   488.0   602.4   732.2  1055.0  1386.0  1715.9  2337.7  4644.7 16687.7  44943.3    45000  1619126991271  1619126996572
read      514.5   524.9    68.9   125.1   148.5   325.6   450.2   558.2   676.6   969.2  1314.5  1658.5  2195.4  3094.0 12347.3  49942.2    50000  1619126998078  1619127003383
read      505.8   588.5    63.8   124.3   147.3   315.3   424.1   511.4   601.5   794.9  1319.5  1768.9  2331.5  3903.3 14910.3  54772.0    55000  1619127004888  1619127010179
read      553.1   809.3    68.9   126.8   152.4   336.8   438.4   510.6   579.4   698.3  1405.9  2118.7  3029.1  7059.8 30310.0  59953.8    60000  1619127011684  1619127016977
read      801.7  2031.4    74.4   159.4   194.3   386.0   492.0   571.1   641.8   746.2  1084.6  2673.9  9608.2 31284.9 37921.5  64787.2    65000  1619127018482  1619127023767
read     1040.2  2982.0    68.9   215.0   256.1   407.2   514.9   592.0   648.6   714.9   810.6  3718.7 12800.5 32403.7 43116.5  68291.6    70000  1619127025272  1619127030574
read     1003.5  2976.9    74.4   219.5   251.5   391.2   501.0   569.4   616.4   670.4   748.3  1361.2 12850.4 32176.7 43852.8  72174.8    75000  1619127032079  1619127037372
read     1023.8  3006.2    74.4   231.4   261.6   399.7   513.7   582.7   629.4   683.5   764.4  1653.7 12878.8 32307.7 44993.4  71904.2    80000  1619127038877  1619127044174
read     1045.9  3025.2    80.4   250.4   278.3   402.0   536.8   608.2   650.5   699.1   778.3  2129.4 12989.7 32263.4 42029.7  70957.6    85000  1619127045679  1619127050961
read     1096.0  3129.2    80.4   263.1   291.4   423.1   558.4   632.6   678.7   733.0   819.3  2469.7 13696.1 32329.0 42733.4  68172.0    90000  1619127052466  1619127057749
read     1110.9  3136.2    68.9   276.0   302.9   428.2   555.5   641.4   691.4   746.1   833.9  2623.2 13823.9 32257.8 42650.7  66825.6    95000  1619127059254  1619127064524
read     1076.6  3139.5    74.4   262.7   288.5   411.3   549.4   622.7   666.7   717.3   794.3  1361.8 13564.4 32594.0 45988.7  69288.7   100000  1619127066029  1619127071322
read     1094.9  3038.4    86.8   279.9   307.0   420.8   551.0   643.7   695.0   748.7   833.6  4166.4 12912.3 32307.4 40665.8  67847.6   105000  1619127072828  1619127078108
read     1091.7  3110.9    74.4   266.4   293.9   421.6   554.7   633.9   680.1   734.4   822.3  2727.6 13788.4 32389.9 41111.4  68287.9   110000  1619127079613  1619127084884
read     1038.1  3036.9    86.8   254.0   278.4   397.4   531.3   600.2   639.7   687.2   762.3  1119.7 12910.4 32324.8 40548.4  71751.4   115000  1619127086390  1619127091693
read     1105.8  3123.7    86.8   272.3   299.5   425.0   562.8   640.7   687.7   740.6   828.2  2613.4 13206.9 32321.8 44858.5  67244.4   120000  1619127093198  1619127098496
Warning! Detected max cpu usage > 95%
CPU Usage Stats (avg/min/max): 58.20%,7.04%,100.00%