// t2c2

ubuntu@client-measure-6btf:~/memcache-perf-dynamic$ ./mcperf -s 10.156.0.34 -a 10.156.0.36 --noload -T 16 -C 4 -D 4 -Q 1000 -c 4 -t 5 --scan 5000:120000:5000
#type       avg     std     min      p5     p10     p50     p67     p75     p80     p85     p90     p95     p99    p999   p9999      QPS   target       ts_start         ts_end
read      414.7   549.6    86.8   197.8   239.1   355.6   431.3   470.1   495.1   522.5   554.7   610.1   901.1 10354.3 16953.2   4950.6     5000  1619127124209  1619127129580
read      442.2   403.2    74.4   163.0   202.2   412.4   508.3   547.7   575.0   605.6   643.7   712.8   936.1  5423.3 16033.3   9966.0    10000  1619127131085  1619127136441
read      455.5   500.2    74.4   154.6   190.5   416.6   532.2   581.4   613.9   650.2   700.6   798.2  1037.8  5176.1 29002.4  14987.6    15000  1619127137946  1619127143255
read      468.5   533.8    74.4   150.5   184.4   408.2   539.3   599.1   637.0   683.9   749.4   860.2  1259.9  5616.3 23942.7  19923.8    20000  1619127144760  1619127150057
read      463.4   334.6    68.9   147.4   182.6   414.1   538.9   605.0   647.6   700.0   774.4   895.0  1178.9  2765.7 14053.8  25062.0    25000  1619127151562  1619127156872
read      465.8   326.7    74.4   142.8   176.2   411.3   531.5   607.3   656.5   717.2   800.7   941.6  1291.1  2575.1  8458.1  30081.5    30000  1619127158377  1619127163674
read      462.3   365.6    68.9   140.7   171.0   406.2   522.1   600.9   653.0   714.9   798.0   938.6  1276.5  3860.2 12429.6  35082.4    35000  1619127165178  1619127170466
read      455.4   350.7    68.9   141.5   171.3   400.2   508.4   582.3   640.3   705.0   794.9   944.7  1275.0  2447.5 11364.4  40027.8    40000  1619127171969  1619127177289
read      455.9   368.7    68.9   139.4   167.9   391.4   506.7   581.0   642.3   713.1   808.0   969.6  1346.2  2951.4 11640.0  44882.0    45000  1619127178792  1619127184074
read      420.1   303.7    68.9   133.3   159.8   366.9   473.8   535.4   585.1   653.1   738.8   874.7  1183.4  2617.3  9290.9  50034.2    50000  1619127185578  1619127190866
read      418.2   328.3    68.9   132.4   158.3   361.3   469.8   531.5   579.0   645.9   737.1   874.7  1185.3  2779.5 12337.0  54941.2    55000  1619127192370  1619127197656
read      415.7   311.6    68.9   132.2   157.8   356.9   465.2   528.8   575.3   638.0   731.5   877.7  1236.6  2687.3  8400.1  59992.4    60000  1619127199160  1619127204437
read      416.6   369.6    68.9   131.6   157.0   352.8   461.7   523.8   569.7   630.2   729.7   883.1  1235.5  3759.1 12229.3  64916.6    65000  1619127205943  1619127211250
read      411.7   326.0    68.9   133.3   158.9   351.0   455.3   514.0   558.5   615.2   704.1   862.1  1271.4  3651.9  8856.1  69940.4    70000  1619127212755  1619127218042
read      404.3   343.6    68.9   132.5   157.9   347.1   449.3   506.9   550.8   606.7   687.4   835.7  1178.6  3776.9  9801.6  74754.3    75000  1619127219547  1619127224831
read      397.6   314.0    68.9   134.0   159.5   345.4   443.6   500.3   542.7   594.8   668.0   808.2  1163.6  3239.1  9817.8  80043.8    80000  1619127226335  1619127231610
read      399.2   333.6    63.8   133.9   160.1   343.1   440.4   498.4   541.8   594.7   669.2   809.3  1172.5  3836.3  9792.1  84923.1    85000  1619127233115  1619127238405
read      394.9   295.8    68.9   135.2   162.3   345.3   440.5   497.8   540.2   591.8   663.0   791.8  1120.1  3103.9  8595.0  89994.8    90000  1619127239910  1619127245196
read      403.5   323.7    68.9   139.0   168.7   356.6   450.5   505.4   546.4   598.2   670.1   796.4  1107.0  3213.3 13078.6  94848.4    95000  1619127246701  1619127252016
read      428.5   337.1    68.9   150.1   185.6   384.4   475.0   528.3   570.1   623.6   698.3   835.0  1144.7  3405.0 12342.3  99983.6   100000  1619127253520  1619127258802
read      511.1   339.4    68.9   191.7   243.0   461.9   552.0   615.7   669.9   740.2   836.9   978.6  1272.6  2773.3 12640.6 104356.4   105000  1619127260307  1619127265596
read      526.0   338.9    68.9   179.6   232.5   485.3   572.8   630.9   685.2   763.2   871.5  1030.3  1319.9  2133.9 10358.3 106203.2   110000  1619127267102  1619127272394
read      579.0   362.6    80.4   325.0   361.7   497.7   593.0   690.5   761.0   831.5   904.5  1003.0  1259.6  3715.3 15112.5 111684.8   115000  1619127273900  1619127279195
read      599.5   360.9    80.4   342.0   379.2   512.2   615.0   711.8   786.1   858.8   934.2  1046.4  1322.6  3458.3 15512.7 108856.6   120000  1619127280701  1619127285988
Warning! Detected max cpu usage > 95%
CPU Usage Stats (avg/min/max): 58.07%,8.16%,100.00%

ubuntu@client-measure-6btf:~/memcache-perf-dynamic$ ./mcperf -s 10.156.0.34 -a 10.156.0.36 --noload -T 16 -C 4 -D 4 -Q 1000 -c 4 -t 5 --scan 5000:120000:5000
#type       avg     std     min      p5     p10     p50     p67     p75     p80     p85     p90     p95     p99    p999   p9999      QPS   target       ts_start         ts_end
read      398.5   438.3    86.8   197.2   244.7   365.6   417.9   446.4   466.2   492.0   526.0   583.4   746.1  8218.5 15967.4   5005.0     5000  1619127296073  1619127301471
read      423.0   436.3    80.4   161.5   198.7   397.2   469.1   505.5   532.6   565.5   612.7   693.3   999.2  4642.8 21319.0   9966.8    10000  1619127302977  1619127308293
read      443.0   314.9    74.4   154.9   188.3   409.6   500.9   549.2   585.2   629.6   698.7   835.2  1160.3  3892.2 11558.9  14903.4    15000  1619127309797  1619127315108
read      453.7   339.1    74.4   151.3   183.8   405.6   509.4   565.7   607.7   661.9   747.5   943.7  1320.3  2939.6 10461.5  19966.8    20000  1619127316612  1619127321904
read      466.5   389.5    68.9   145.5   177.8   409.7   519.0   580.2   626.0   685.2   783.4  1016.5  1455.9  3455.3  9328.8  24937.0    25000  1619127323409  1619127328708
read      458.5   350.0    74.4   141.7   171.9   394.3   504.8   568.4   615.6   675.7   770.2  1049.4  1521.0  2573.6 11940.0  30085.8    30000  1619127330211  1619127335524
read      465.5   349.1    74.4   140.9   171.3   404.5   515.7   579.1   626.6   686.4   783.4  1012.8  1598.5  2780.0 11738.5  34996.2    35000  1619127337028  1619127342319
read      450.6   319.3    68.9   138.9   168.2   392.8   501.8   563.3   609.1   666.6   752.4   971.0  1568.5  2311.6  8790.1  40006.6    40000  1619127343824  1619127349115
read      443.9   395.0    68.9   134.3   162.4   378.8   487.4   548.6   596.3   656.0   744.9   954.3  1601.3  2552.7 13870.3  44914.4    45000  1619127350619  1619127355907
read      437.9   428.3    68.9   132.8   159.0   365.8   477.3   541.3   591.3   652.8   742.2   955.7  1631.0  2611.2 15050.5  50104.0    50000  1619127357413  1619127362697
read      435.2   369.7    68.9   134.8   161.3   363.6   474.8   538.7   586.9   648.1   739.0   937.7  1658.5  3080.7 11746.2  54883.5    55000  1619127364201  1619127369480
read      419.3   354.8    68.9   131.9   158.3   356.5   460.9   520.9   566.7   623.8   704.8   861.9  1571.9  3216.2  9689.8  59932.2    60000  1619127370985  1619127376293
read      421.1   370.7    68.9   130.9   156.9   351.9   457.4   518.2   565.2   623.4   708.1   873.9  1676.9  3507.0  9483.4  64975.8    65000  1619127377798  1619127383116
read      417.3   355.8    68.9   130.8   156.8   350.5   453.6   514.3   561.7   621.6   706.2   871.5  1621.0  3427.5 11391.0  69956.0    70000  1619127384621  1619127389899
read      407.0   382.3    68.9   130.7   156.5   343.9   442.1   500.7   545.0   600.8   677.5   825.7  1576.4  3676.8 12719.7  74869.8    75000  1619127391403  1619127396706
read      417.4   369.4    68.9   132.9   160.4   354.3   455.1   513.6   559.1   616.4   694.0   848.3  1599.8  4244.1 10153.0  79843.0    80000  1619127398210  1619127403498
read      409.0   366.1    68.9   133.8   161.3   347.3   441.9   500.5   544.6   600.6   678.4   818.9  1575.9  4133.1  9755.8  85164.8    85000  1619127405004  1619127410291
read      413.4   334.9    68.9   138.1   167.6   358.5   452.1   508.4   551.7   608.1   685.0   818.5  1423.7  4162.5  8671.6  90008.8    90000  1619127411796  1619127417084
read      422.0   333.6    68.9   144.0   176.4   372.4   463.8   519.6   563.6   619.5   696.4   829.1  1209.9  3490.4 12261.5  94826.8    95000  1619127418588  1619127423873
read      446.9   358.8    68.9   157.8   195.2   395.1   487.8   546.7   593.1   651.0   732.8   870.2  1249.8  3818.0 13175.6  99954.4   100000  1619127425378  1619127430680
read      459.7   333.5    74.4   171.8   213.5   412.0   500.5   558.5   605.2   664.6   746.4   880.0  1186.2  3170.9 12725.2 104782.4   105000  1619127432185  1619127437483
read      562.1   377.5    74.4   284.4   331.0   490.9   588.0   670.2   735.0   806.0   887.7  1002.3  1265.4  2711.2 14877.1 109684.2   110000  1619127438989  1619127444273
read      577.6   394.8    74.4   315.9   353.8   498.8   593.6   683.4   751.4   824.6   903.3  1010.0  1269.0  3720.4 14429.4 111086.4   115000  1619127445779  1619127451067
read      585.5   347.3    80.4   325.2   361.1   503.1   613.4   705.7   770.6   837.0   911.3  1020.8  1309.6  2925.2 12861.6 111133.4   120000  1619127452571  1619127457852
Warning! Detected max cpu usage > 95%
CPU Usage Stats (avg/min/max): 58.98%,7.07%,100.00%

ubuntu@client-measure-6btf:~/memcache-perf-dynamic$ ./mcperf -s 10.156.0.34 -a 10.156.0.36 --noload -T 16 -C 4 -D 4 -Q 1000 -c 4 -t 5 --scan 5000:120000:5000
#type       avg     std     min      p5     p10     p50     p67     p75     p80     p85     p90     p95     p99    p999   p9999      QPS   target       ts_start         ts_end
read      390.0   353.4    86.8   192.7   237.1   369.4   418.0   443.2   461.9   484.1   511.0   566.5   801.2  4712.9 12671.7   5020.6     5000  1619127512001  1619127517395
read      409.5   447.3    80.4   158.4   194.8   378.6   445.0   481.8   509.3   544.3   594.0   687.9   925.3  6157.1 19750.9   9962.4    10000  1619127518900  1619127524240
read      449.6   462.9    74.4   152.4   185.6   413.5   496.6   542.1   577.2   623.2   703.7   856.9  1163.6  4490.8 18457.1  14962.0    15000  1619127525744  1619127531055
read      466.1   350.0    74.4   150.1   184.4   420.2   521.1   576.0   617.9   674.7   775.9   992.4  1305.6  5157.8 10793.6  20045.8    20000  1619127532560  1619127537853
read      467.8   407.4    74.4   144.7   178.4   408.8   514.5   575.2   620.5   681.3   787.7  1039.7  1440.0  4024.9 14811.3  25002.6    25000  1619127539358  1619127544653
read      467.3   411.5    74.4   142.9   174.8   403.0   508.9   570.1   616.5   678.3   782.4  1051.3  1578.9  3121.8 15049.3  30028.2    30000  1619127546159  1619127551446
read      468.8   370.2    74.4   140.1   168.6   393.1   503.8   568.2   618.2   685.5   799.7  1128.2  1817.1  2679.4  8289.7  35075.0    35000  1619127552951  1619127558236
read      448.3   355.4    74.4   138.7   166.3   377.6   485.5   548.5   596.2   659.1   755.6  1001.9  1740.5  2522.2 10523.0  40024.8    40000  1619127559741  1619127565026
read      447.9   370.2    68.9   133.4   160.4   369.8   483.0   548.8   600.9   668.4   771.3  1033.4  1833.8  2719.0  8592.4  45039.8    45000  1619127566531  1619127571834
read      436.9   400.1    68.9   132.7   158.2   349.2   457.8   522.0   572.2   636.3   736.2  1015.6  2027.2  2800.4 10872.9  49953.6    50000  1619127573338  1619127578621
read      437.8   413.8    68.9   134.2   159.8   354.0   459.6   521.5   568.9   629.8   725.4   960.9  2095.7  3772.3 11878.0  54915.8    55000  1619127580127  1619127585428
read      434.9   381.7    68.9   132.3   158.6   355.6   462.3   523.1   568.9   628.6   720.8   920.3  2095.3  3267.4 10063.0  60001.6    60000  1619127586933  1619127592241
read      429.1   389.3    68.9   132.0   158.5   355.8   459.6   520.7   568.2   627.8   714.6   891.5  1956.5  3379.9 12167.7  64946.8    65000  1619127593746  1619127599042
read      421.7   369.7    68.9   132.1   158.9   355.2   457.2   516.2   561.0   617.2   696.6   858.4  1784.4  3786.7 10697.1  69758.0    70000  1619127600547  1619127605836
read      421.6   381.0    68.9   133.6   160.0   350.8   451.8   511.7   558.4   617.8   700.8   864.4  1704.7  4208.3 10211.9  74866.4    75000  1619127607340  1619127612627
read      418.9   450.6    68.9   133.9   161.7   355.7   453.3   511.7   557.1   614.1   692.7   841.3  1503.0  4348.8 17904.0  80219.4    80000  1619127614132  1619127619417
read      415.0   353.8    68.9   138.2   166.6   355.9   455.2   514.6   560.1   616.4   692.6   835.9  1348.9  3935.5 15111.6  85226.8    85000  1619127620922  1619127626221
read      420.3   341.1    63.8   139.2   169.7   367.1   463.6   521.2   565.2   620.5   697.2   842.0  1273.2  3915.7  9854.4  89645.8    90000  1619127627725  1619127633010
read      423.4   320.8    63.8   146.4   178.2   373.5   469.5   527.8   571.1   625.3   702.3   843.2  1173.4  3565.0 11509.0  95080.9    95000  1619127634515  1619127639807
read      448.9   369.3    68.9   160.5   197.5   396.8   490.9   548.9   596.4   658.5   741.9   877.3  1212.9  3263.4 13343.0 100078.6   100000  1619127641312  1619127646603
read      512.7   343.7    74.4   193.8   241.1   461.4   555.2   620.1   673.9   743.9   842.8   987.8  1283.6  3217.7 12997.4 104842.6   105000  1619127648107  1619127653385
read      594.0   401.1    74.4   277.7   329.3   523.9   629.4   705.4   767.7   843.0   936.9  1087.5  1449.6  3956.5 15097.3 105570.9   110000  1619127654888  1619127660166
read      584.8   319.2    74.4   318.9   355.5   506.4   616.9   704.5   766.8   835.5   914.8  1031.7  1312.1  2695.3 12260.0 109935.6   115000  1619127661670  1619127666960
read      598.0   325.5    86.8   326.3   363.7   517.4   633.4   723.4   787.5   853.8   930.0  1052.0  1339.1  3306.9 11272.4 108402.2   120000  1619127668465  1619127673748
Warning! Detected max cpu usage > 95%
CPU Usage Stats (avg/min/max): 57.83%,8.46%,100.00%